Enter 
1: Debug paTop
2: Debug assign
3: Debug paMeet
4: Debug up(Unit Propagation)
5: Debug gfpUP
ANY OTHER NUMBER: PCE
Enter value of Vocabulary 'n' (Int n > 0)
*** Computing Propagation Complete Encodings (PCE) ***
Enter the variables of interest (list of integers)
Enter E_0 (Each clause is space seperated literals) and the clauses are seperated by ','
Enter E_ref (Each clause is space seperated literals) and the clauses are seperated by ','
[[-2,-3,-5],[-2,3,5],[2,-3,5],[2,3,-5],[-5,-6,-7,-11],[-5,-6,7,11],[-5,6,-7,11],[2,-6,-7,-11],[3,-6,-7,-11],[-5,6,7,-11],[2,-6,7,11],[3,-6,7,11],[2,6,-7,11],[3,6,-7,11],[2,6,7,-11],[3,6,7,-11],[-2,-3,-6,-7,11],[-5,-11,-12,-13,-19],[-6,-7,-12,-13,19],[-12,-13,-20,-21,27],[-2,-3,-6,7,-11],[-2,-3,6,-7,-11],[-5,-11,-12,13,19],[-5,-11,12,-13,19],[-5,6,-12,-13,-19],[-5,7,-12,-13,-19],[-6,-7,-12,13,-19],[-6,-7,12,-13,-19],[-6,11,-12,-13,19],[-7,11,-12,-13,19],[2,-11,-12,-13,-19],[3,-11,-12,-13,-19],[6,-11,-12,-13,-19],[7,-11,-12,-13,-19],[-12,-13,-20,21,-27],[-12,-13,20,-21,-27],[-12,19,-20,-21,27],[-13,19,-20,-21,27],[12,-19,-20,-21,-27],[13,-19,-20,-21,-27],[-2,-3,6,7,11],[-5,-11,12,13,-19],[-5,6,-12,13,19],[-5,7,-12,13,19],[-5,6,12,-13,19],[-5,7,12,-13,19],[-6,-7,12,13,19],[-6,11,-12,13,-19],[-6,11,12,-13,-19],[-7,11,-12,13,-19],[-7,11,12,-13,-19],[2,-11,-12,13,19],[3,-11,-12,13,19],[6,-11,-12,13,19],[7,-11,-12,13,19],[2,-11,12,-13,19],[3,-11,12,-13,19],[6,-11,12,-13,19],[7,-11,12,-13,19],[2,6,-12,-13,-19],[2,7,-12,-13,-19],[3,6,-12,-13,-19],[3,7,-12,-13,-19],[6,7,-12,-13,-19],[-12,-13,20,21,27],[-12,19,-20,21,-27],[-12,19,20,-21,-27],[-13,19,-20,21,-27],[-13,19,20,-21,-27],[12,-19,-20,21,27],[13,-19,-20,21,27],[12,-19,20,-21,27],[13,-19,20,-21,27],[12,13,-20,-21,-27],[-5,6,12,13,-19],[-5,7,12,13,-19],[-6,11,12,13,19],[-7,11,12,13,19],[2,-11,12,13,-19],[3,-11,12,13,-19],[6,-11,12,13,-19],[7,-11,12,13,-19],[2,6,-12,13,19],[2,7,-12,13,19],[3,6,-12,13,19],[3,7,-12,13,19],[6,7,-12,13,19],[-12,19,20,21,27],[2,6,12,-13,19],[2,7,12,-13,19],[3,6,12,-13,19],[3,7,12,-13,19],[6,7,12,-13,19],[-13,19,20,21,27],[12,-19,20,21,-27],[13,-19,20,21,-27],[12,13,-20,21,27],[12,13,20,-21,27],[2,6,12,13,-19],[2,7,12,13,-19],[3,6,12,13,-19],[3,7,12,13,-19],[6,7,12,13,-19],[12,13,20,21,-27],[-2,-3,-6,-12,-13,19],[-2,-3,-7,-12,-13,19],[-5,-11,-19,-20,-21,-27],[-6,-7,-12,-20,-21,27],[-6,-7,-13,-20,-21,27],[-2,-3,-6,-12,13,-19],[-2,-3,-6,12,-13,-19],[-2,-3,-7,-12,13,-19],[-2,-3,-7,12,-13,-19],[-2,-3,11,-12,-13,19],[-5,-11,-19,-20,21,27],[-5,-11,-19,20,-21,27],[-5,-11,12,-20,-21,-27],[-5,-11,13,-20,-21,-27],[-5,6,-19,-20,-21,-27],[-5,7,-19,-20,-21,-27],[-6,-7,-12,-20,21,-27],[-6,-7,-12,20,-21,-27],[-6,-7,-13,-20,21,-27],[-6,-7,-13,20,-21,-27],[-6,-7,19,-20,-21,27],[-6,11,-12,-20,-21,27],[-6,11,-13,-20,-21,27],[-7,11,-12,-20,-21,27],[-7,11,-13,-20,-21,27],[2,-11,-19,-20,-21,-27],[3,-11,-19,-20,-21,-27],[6,-11,-19,-20,-21,-27],[7,-11,-19,-20,-21,-27],[-2,-3,-6,12,13,19],[-2,-3,-7,12,13,19],[-2,-3,11,-12,13,-19],[-2,-3,11,12,-13,-19],[-5,-11,-19,20,21,-27],[-5,-11,12,-20,21,27],[-5,-11,13,-20,21,27],[-5,-11,12,20,-21,27],[-5,-11,13,20,-21,27],[-5,6,-19,-20,21,27],[-5,7,-19,-20,21,27],[-5,6,-19,20,-21,27],[-5,7,-19,20,-21,27],[-5,6,12,-20,-21,-27],[-5,6,13,-20,-21,-27],[-5,7,12,-20,-21,-27],[-5,7,13,-20,-21,-27],[-6,-7,-12,20,21,27],[-6,-7,-13,20,21,27],[-6,-7,19,-20,21,-27],[-6,-7,19,20,-21,-27],[-6,11,-12,-20,21,-27],[-6,11,-12,20,-21,-27],[-6,11,-13,-20,21,-27],[-6,11,-13,20,-21,-27],[-6,11,19,-20,-21,27],[-7,11,-12,-20,21,-27],[-7,11,-12,20,-21,-27],[-7,11,-13,-20,21,-27],[-7,11,-13,20,-21,-27],[-7,11,19,-20,-21,27],[2,-11,-19,-20,21,27],[3,-11,-19,-20,21,27],[6,-11,-19,-20,21,27],[7,-11,-19,-20,21,27],[2,-11,-19,20,-21,27],[3,-11,-19,20,-21,27],[6,-11,-19,20,-21,27],[7,-11,-19,20,-21,27],[2,-11,12,-20,-21,-27],[2,-11,13,-20,-21,-27],[3,-11,12,-20,-21,-27],[3,-11,13,-20,-21,-27],[6,-11,12,-20,-21,-27],[6,-11,13,-20,-21,-27],[7,-11,12,-20,-21,-27],[7,-11,13,-20,-21,-27],[2,6,-19,-20,-21,-27],[2,7,-19,-20,-21,-27],[3,6,-19,-20,-21,-27],[3,7,-19,-20,-21,-27],[6,7,-19,-20,-21,-27],[-2,-3,11,12,13,19],[-5,-11,12,20,21,-27],[-5,-11,13,20,21,-27],[-5,6,-19,20,21,-27],[-5,7,-19,20,21,-27],[-5,6,12,-20,21,27],[-5,6,13,-20,21,27],[-5,7,12,-20,21,27],[-5,7,13,-20,21,27],[-5,6,12,20,-21,27],[-5,6,13,20,-21,27],[-5,7,12,20,-21,27],[-5,7,13,20,-21,27],[-6,-7,19,20,21,27],[-6,11,-12,20,21,27],[-6,11,-13,20,21,27],[-6,11,19,-20,21,-27],[-6,11,19,20,-21,-27],[-7,11,-12,20,21,27],[-7,11,-13,20,21,27],[-7,11,19,-20,21,-27],[-7,11,19,20,-21,-27],[2,-11,-19,20,21,-27],[3,-11,-19,20,21,-27],[6,-11,-19,20,21,-27],[7,-11,-19,20,21,-27],[2,-11,12,-20,21,27],[2,-11,13,-20,21,27],[3,-11,12,-20,21,27],[3,-11,13,-20,21,27],[6,-11,12,-20,21,27],[6,-11,13,-20,21,27],[7,-11,12,-20,21,27],[7,-11,13,-20,21,27],[2,-11,12,20,-21,27],[2,-11,13,20,-21,27],[3,-11,12,20,-21,27],[3,-11,13,20,-21,27],[6,-11,12,20,-21,27],[6,-11,13,20,-21,27],[7,-11,12,20,-21,27],[7,-11,13,20,-21,27],[2,6,-19,-20,21,27],[2,7,-19,-20,21,27],[3,6,-19,-20,21,27],[3,7,-19,-20,21,27],[6,7,-19,-20,21,27],[2,6,-19,20,-21,27],[2,7,-19,20,-21,27],[3,6,-19,20,-21,27],[3,7,-19,20,-21,27],[6,7,-19,20,-21,27],[2,6,12,-20,-21,-27],[2,6,13,-20,-21,-27],[2,7,12,-20,-21,-27],[2,7,13,-20,-21,-27],[3,6,12,-20,-21,-27],[3,6,13,-20,-21,-27],[3,7,12,-20,-21,-27],[3,7,13,-20,-21,-27],[6,7,12,-20,-21,-27],[6,7,13,-20,-21,-27],[-5,6,12,20,21,-27],[-5,6,13,20,21,-27],[-5,7,12,20,21,-27],[-5,7,13,20,21,-27],[-6,11,19,20,21,27],[-7,11,19,20,21,27],[2,-11,12,20,21,-27],[2,-11,13,20,21,-27],[3,-11,12,20,21,-27],[3,-11,13,20,21,-27],[6,-11,12,20,21,-27],[6,-11,13,20,21,-27],[7,-11,12,20,21,-27],[7,-11,13,20,21,-27],[2,6,-19,20,21,-27],[2,7,-19,20,21,-27],[3,6,-19,20,21,-27],[3,7,-19,20,21,-27],[6,7,-19,20,21,-27],[2,6,12,-20,21,27],[2,6,13,-20,21,27],[2,7,12,-20,21,27],[2,7,13,-20,21,27],[3,6,12,-20,21,27],[3,6,13,-20,21,27],[3,7,12,-20,21,27],[3,7,13,-20,21,27],[6,7,12,-20,21,27],[6,7,13,-20,21,27],[2,6,12,20,-21,27],[2,6,13,20,-21,27],[2,7,12,20,-21,27],[2,7,13,20,-21,27],[3,6,12,20,-21,27],[3,6,13,20,-21,27],[3,7,12,20,-21,27],[3,7,13,20,-21,27],[6,7,12,20,-21,27],[6,7,13,20,-21,27],[2,6,12,20,21,-27],[2,6,13,20,21,-27],[2,7,12,20,21,-27],[2,7,13,20,21,-27],[3,6,12,20,21,-27],[3,6,13,20,21,-27],[3,7,12,20,21,-27],[3,7,13,20,21,-27],[6,7,12,20,21,-27],[6,7,13,20,21,-27],[-2,-3,-6,-12,-20,-21,27],[-2,-3,-6,-13,-20,-21,27],[-2,-3,-7,-12,-20,-21,27],[-2,-3,-7,-13,-20,-21,27],[-2,-3,-6,-12,-20,21,-27],[-2,-3,-6,-12,20,-21,-27],[-2,-3,-6,-13,-20,21,-27],[-2,-3,-6,-13,20,-21,-27],[-2,-3,-6,19,-20,-21,27],[-2,-3,-7,-12,-20,21,-27],[-2,-3,-7,-12,20,-21,-27],[-2,-3,-7,-13,-20,21,-27],[-2,-3,-7,-13,20,-21,-27],[-2,-3,-7,19,-20,-21,27],[-2,-3,11,-12,-20,-21,27],[-2,-3,11,-13,-20,-21,27],[-2,-3,-6,-12,20,21,27],[-2,-3,-6,-13,20,21,27],[-2,-3,-6,19,-20,21,-27],[-2,-3,-6,19,20,-21,-27],[-2,-3,-7,-12,20,21,27],[-2,-3,-7,-13,20,21,27],[-2,-3,-7,19,-20,21,-27],[-2,-3,-7,19,20,-21,-27],[-2,-3,11,-12,-20,21,-27],[-2,-3,11,-12,20,-21,-27],[-2,-3,11,-13,-20,21,-27],[-2,-3,11,-13,20,-21,-27],[-2,-3,11,19,-20,-21,27],[-2,-3,-6,19,20,21,27],[-2,-3,-7,19,20,21,27],[-2,-3,11,-12,20,21,27],[-2,-3,11,-13,20,21,27],[-2,-3,11,19,-20,21,-27],[-2,-3,11,19,20,-21,-27],[-2,-3,11,19,20,21,27]]
332
