Enter 
1: Debug paTop
2: Debug assign
3: Debug paMeet
4: Debug up(Unit Propagation)
5: Debug gfpUP
ANY OTHER NUMBER: PCE
Enter value of Vocabulary 'n' (Int n > 0)
*** Computing Propagation Complete Encodings (PCE) ***
Enter the variables of interest (list of integers)
Enter E_0 (Each clause is space seperated literals) and the clauses are seperated by ','
Enter E_ref (Each clause is space seperated literals) and the clauses are seperated by ','
[[-9,-18,-21],[-9,13,-21],[-13,18,21],[2,-18,-21],[3,-18,-21],[5,-18,-21],[7,-18,-21],[13,-18,-21],[2,13,-21],[3,13,-21],[5,13,-21],[7,13,-21],[-2,-3,-13,21],[-2,-5,-13,21],[-2,-7,-13,21],[-3,-5,-13,21],[-3,-7,-13,21],[-5,-7,-13,21],[-2,-3,18,21],[-2,-5,18,21],[-2,-7,18,21],[-2,9,-13,21],[-3,-5,18,21],[-3,-7,18,21],[-3,9,-13,21],[-5,-7,18,21],[-5,9,-13,21],[-7,9,-13,21],[-2,9,18,21],[-3,9,18,21],[-5,9,18,21],[-7,9,18,21],[2,3,-9,-21],[2,5,-9,-21],[2,7,-9,-21],[3,5,-9,-21],[3,7,-9,-21],[5,7,-9,-21],[2,3,5,-21],[2,3,7,-21],[2,5,7,-21],[3,5,7,-21],[-2,-3,-5,-7,-9],[-2,-3,-5,-7,21],[-2,-3,-5,7,9],[-2,-3,5,-7,9],[-2,3,-5,-7,9],[2,-3,-5,-7,9],[-2,-3,5,7,-9],[-2,3,-5,7,-9],[-2,3,5,-7,-9],[2,-3,-5,7,-9],[2,-3,5,-7,-9],[2,3,-5,-7,-9],[-2,3,5,7,9],[2,-3,5,7,9],[2,3,-5,7,9],[2,3,5,-7,9],[2,3,-9,13,-18],[2,5,-9,13,-18],[2,7,-9,13,-18],[3,5,-9,13,-18],[3,7,-9,13,-18],[5,7,-9,13,-18],[2,3,5,7,-9],[2,3,5,13,-18],[2,3,7,13,-18],[2,5,7,13,-18],[3,5,7,13,-18],[-2,-3,-5,-7,-13,18]]
70
