Enter 
1: Debug paTop
2: Debug assign
3: Debug paMeet
4: Debug up(Unit Propagation)
5: Debug gfpUP
6: Check Completeness by providing author's encoding
ANY OTHER NUMBER: PCE
Enter value of Vocabulary 'n' (Int n > 0)
*** Computing Propagation Complete Encodings (PCE) ***
Enter the variables of interest (list of integers)
Enter E_0 (Each clause is space seperated literals) and the clauses are seperated by ','
Enter E_ref (Each clause is space seperated literals) and the clauses are seperated by ','
1222000000
[[-2,-3,25,28],[-2,-4,25,28],[-2,-6,25,28],[-2,-9,25,28],[-2,-10,25,28],[-2,-12,25,28],[-2,14,25,28],[-3,-4,25,28],[-3,-6,25,28],[-3,-9,25,28],[-3,-10,25,28],[-3,-12,25,28],[-3,14,25,28],[-4,-6,25,28],[-4,-9,25,28],[-4,-10,25,28],[-4,-12,25,28],[-4,14,25,28],[-6,-9,25,28],[-6,-10,25,28],[-6,-12,25,28],[-6,14,25,28],[-9,-10,25,28],[-9,-12,25,28],[-9,14,25,28],[-10,-12,25,28],[-10,14,25,28],[-12,14,25,28],[3,-14,-25,-28],[4,-14,-25,-28],[6,-14,-25,-28],[9,-14,-25,-28],[10,-14,-25,-28],[12,-14,-25,-28],[2,-14,-25,-28],[2,3,-25,-28],[2,4,-25,-28],[2,6,-25,-28],[2,9,-25,-28],[2,10,-25,-28],[2,12,-25,-28],[3,4,-25,-28],[3,6,-25,-28],[3,9,-25,-28],[3,10,-25,-28],[3,12,-25,-28],[4,6,-25,-28],[4,9,-25,-28],[4,10,-25,-28],[4,12,-25,-28],[6,9,-25,-28],[6,10,-25,-28],[6,12,-25,-28],[9,10,-25,-28],[9,12,-25,-28],[10,12,-25,-28],[-2,-3,-4,-6,28],[-2,-3,-4,-9,28],[-2,-3,-4,-10,28],[-2,-3,-4,-12,28],[-2,-3,-4,14,28],[-2,-3,-6,-9,28],[-2,-3,-6,-10,28],[-2,-3,-6,-12,28],[-2,-3,-6,14,28],[-2,-3,-9,-10,28],[-2,-3,-9,-12,28],[-2,-3,-9,14,28],[-2,-3,-10,-12,28],[-2,-3,-10,14,28],[-2,-3,-12,14,28],[-2,-4,-6,-9,28],[-2,-4,-6,-10,28],[-2,-4,-6,-12,28],[-2,-4,-6,14,28],[-2,-4,-9,-10,28],[-2,-4,-9,-12,28],[-2,-4,-9,14,28],[-2,-4,-10,-12,28],[-2,-4,-10,14,28],[-2,-4,-12,14,28],[-2,-6,-9,-10,28],[-2,-6,-9,-12,28],[-2,-6,-9,14,28],[-2,-6,-10,-12,28],[-2,-6,-10,14,28],[-2,-6,-12,14,28],[-2,-9,-10,-12,28],[-2,-9,-10,14,28],[-2,-9,-12,14,28],[-2,-10,-12,14,28],[-3,-4,-6,-9,28],[-3,-4,-6,-10,28],[-3,-4,-6,-12,28],[-3,-4,-6,14,28],[-3,-4,-9,-10,28],[-3,-4,-9,-12,28],[-3,-4,-9,14,28],[-3,-4,-10,-12,28],[-3,-4,-10,14,28],[-3,-4,-12,14,28],[-3,-6,-9,-10,28],[-3,-6,-9,-12,28],[-3,-6,-9,14,28],[-3,-6,-10,-12,28],[-3,-6,-10,14,28],[-3,-6,-12,14,28],[-3,-9,-10,-12,28],[-3,-9,-10,14,28],[-3,-9,-12,14,28],[-3,-10,-12,14,28],[-4,-6,-9,-10,28],[-4,-6,-9,-12,28],[-4,-6,-9,14,28],[-4,-6,-10,-12,28],[-4,-6,-10,14,28],[-4,-6,-12,14,28],[-4,-9,-10,-12,28],[-4,-9,-10,14,28],[-4,-9,-12,14,28],[-4,-10,-12,14,28],[-6,-9,-10,-12,28],[-6,-9,-10,14,28],[-6,-9,-12,14,28],[-6,-10,-12,14,28],[-9,-10,-12,14,28],[2,3,4,-14,-28],[2,3,6,-14,-28],[2,3,9,-14,-28],[2,3,10,-14,-28],[2,3,12,-14,-28],[2,4,6,-14,-28],[2,4,9,-14,-28],[2,4,10,-14,-28],[2,4,12,-14,-28],[2,6,9,-14,-28],[2,6,10,-14,-28],[2,6,12,-14,-28],[2,9,10,-14,-28],[2,9,12,-14,-28],[2,10,12,-14,-28],[3,4,6,-14,-28],[3,4,9,-14,-28],[3,4,10,-14,-28],[3,4,12,-14,-28],[3,6,9,-14,-28],[3,6,10,-14,-28],[3,6,12,-14,-28],[3,9,10,-14,-28],[3,9,12,-14,-28],[3,10,12,-14,-28],[4,6,9,-14,-28],[4,6,10,-14,-28],[4,6,12,-14,-28],[4,9,10,-14,-28],[4,9,12,-14,-28],[4,10,12,-14,-28],[6,9,10,-14,-28],[6,9,12,-14,-28],[6,10,12,-14,-28],[9,10,12,-14,-28],[2,3,4,6,-28],[2,3,4,9,-28],[2,3,4,10,-28],[2,3,4,12,-28],[2,3,6,9,-28],[2,3,6,10,-28],[2,3,6,12,-28],[2,3,9,10,-28],[2,3,9,12,-28],[2,3,10,12,-28],[2,4,6,9,-28],[2,4,6,10,-28],[2,4,6,12,-28],[2,4,9,10,-28],[2,4,9,12,-28],[2,4,10,12,-28],[2,6,9,10,-28],[2,6,9,12,-28],[2,6,10,12,-28],[2,9,10,12,-28],[3,4,6,9,-28],[3,4,6,10,-28],[3,4,6,12,-28],[3,4,9,10,-28],[3,4,9,12,-28],[3,4,10,12,-28],[3,6,9,10,-28],[3,6,9,12,-28],[3,6,10,12,-28],[3,9,10,12,-28],[4,6,9,10,-28],[4,6,9,12,-28],[4,6,10,12,-28],[4,9,10,12,-28],[6,9,10,12,-28],[-2,-3,-4,-6,-9,-10,25,-28],[-2,-3,-4,-6,-9,-12,25,-28],[-2,-3,-4,-6,-9,14,25,-28],[-2,-3,-4,-6,-10,-12,25,-28],[-2,-3,-4,-6,-10,14,25,-28],[-2,-3,-4,-6,-12,14,25,-28],[-2,-3,-4,-9,-10,-12,25,-28],[-2,-3,-4,-9,-10,14,25,-28],[-2,-3,-4,-9,-12,14,25,-28],[-2,-3,-4,-10,-12,14,25,-28],[-2,-3,-6,-9,-10,-12,25,-28],[-2,-3,-6,-9,-10,14,25,-28],[-2,-3,-6,-9,-12,14,25,-28],[-2,-3,-6,-10,-12,14,25,-28],[-2,-3,-9,-10,-12,14,25,-28],[-2,-4,-6,-9,-10,-12,25,-28],[-2,-4,-6,-9,-10,14,25,-28],[-2,-4,-6,-9,-12,14,25,-28],[-2,-4,-6,-10,-12,14,25,-28],[-2,-4,-9,-10,-12,14,25,-28],[-2,-6,-9,-10,-12,14,25,-28],[-3,-4,-6,-9,-10,-12,25,-28],[-3,-4,-6,-9,-10,14,25,-28],[-3,-4,-6,-9,-12,14,25,-28],[-3,-4,-6,-10,-12,14,25,-28],[-3,-4,-9,-10,-12,14,25,-28],[-3,-6,-9,-10,-12,14,25,-28],[-4,-6,-9,-10,-12,14,25,-28],[2,3,4,6,9,-14,-25,28],[2,3,4,6,10,-14,-25,28],[2,3,4,6,12,-14,-25,28],[2,3,4,9,10,-14,-25,28],[2,3,4,9,12,-14,-25,28],[2,3,4,10,12,-14,-25,28],[2,3,6,9,10,-14,-25,28],[2,3,6,9,12,-14,-25,28],[2,3,6,10,12,-14,-25,28],[2,3,9,10,12,-14,-25,28],[2,4,6,9,10,-14,-25,28],[2,4,6,9,12,-14,-25,28],[2,4,6,10,12,-14,-25,28],[2,4,9,10,12,-14,-25,28],[2,6,9,10,12,-14,-25,28],[3,4,6,9,10,-14,-25,28],[3,4,6,9,12,-14,-25,28],[3,4,6,10,12,-14,-25,28],[3,4,9,10,12,-14,-25,28],[3,6,9,10,12,-14,-25,28],[4,6,9,10,12,-14,-25,28],[2,3,4,6,9,10,-25,28],[2,3,4,6,9,12,-25,28],[2,3,4,6,10,12,-25,28],[2,3,4,9,10,12,-25,28],[2,3,6,9,10,12,-25,28],[2,4,6,9,10,12,-25,28],[3,4,6,9,10,12,-25,28],[-2,-3,-4,-6,-9,-10,-12,14,-25,-28],[2,3,4,6,9,10,12,-14,25,28]]
[[-2,-3,25,28],[-2,-4,25,28],[-2,-6,25,28],[-2,-9,25,28],[-2,-10,25,28],[-2,-12,25,28],[-2,14,25,28],[-3,-4,25,28],[-3,-6,25,28],[-3,-9,25,28],[-3,-10,25,28],[-3,-12,25,28],[-3,14,25,28],[-4,-6,25,28],[-4,-9,25,28],[-4,-10,25,28],[-4,-12,25,28],[-4,14,25,28],[-6,-9,25,28],[-6,-10,25,28],[-6,-12,25,28],[-6,14,25,28],[-9,-10,25,28],[-9,-12,25,28],[-9,14,25,28],[-10,-12,25,28],[-10,14,25,28],[-12,14,25,28],[3,-14,-25,-28],[4,-14,-25,-28],[6,-14,-25,-28],[9,-14,-25,-28],[10,-14,-25,-28],[12,-14,-25,-28],[2,-14,-25,-28],[2,3,-25,-28],[2,4,-25,-28],[2,6,-25,-28],[2,9,-25,-28],[2,10,-25,-28],[2,12,-25,-28],[3,4,-25,-28],[3,6,-25,-28],[3,9,-25,-28],[3,10,-25,-28],[3,12,-25,-28],[4,6,-25,-28],[4,9,-25,-28],[4,10,-25,-28],[4,12,-25,-28],[6,9,-25,-28],[6,10,-25,-28],[6,12,-25,-28],[9,10,-25,-28],[9,12,-25,-28],[10,12,-25,-28],[-2,-3,-4,-6,28],[-2,-3,-4,-9,28],[-2,-3,-4,-10,28],[-2,-3,-4,-12,28],[-2,-3,-4,14,28],[-2,-3,-6,-9,28],[-2,-3,-6,-10,28],[-2,-3,-6,-12,28],[-2,-3,-6,14,28],[-2,-3,-9,-10,28],[-2,-3,-9,-12,28],[-2,-3,-9,14,28],[-2,-3,-10,-12,28],[-2,-3,-10,14,28],[-2,-3,-12,14,28],[-2,-4,-6,-9,28],[-2,-4,-6,-10,28],[-2,-4,-6,-12,28],[-2,-4,-6,14,28],[-2,-4,-9,-10,28],[-2,-4,-9,-12,28],[-2,-4,-9,14,28],[-2,-4,-10,-12,28],[-2,-4,-10,14,28],[-2,-4,-12,14,28],[-2,-6,-9,-10,28],[-2,-6,-9,-12,28],[-2,-6,-9,14,28],[-2,-6,-10,-12,28],[-2,-6,-10,14,28],[-2,-6,-12,14,28],[-2,-9,-10,-12,28],[-2,-9,-10,14,28],[-2,-9,-12,14,28],[-2,-10,-12,14,28],[-3,-4,-6,-9,28],[-3,-4,-6,-10,28],[-3,-4,-6,-12,28],[-3,-4,-6,14,28],[-3,-4,-9,-10,28],[-3,-4,-9,-12,28],[-3,-4,-9,14,28],[-3,-4,-10,-12,28],[-3,-4,-10,14,28],[-3,-4,-12,14,28],[-3,-6,-9,-10,28],[-3,-6,-9,-12,28],[-3,-6,-9,14,28],[-3,-6,-10,-12,28],[-3,-6,-10,14,28],[-3,-6,-12,14,28],[-3,-9,-10,-12,28],[-3,-9,-10,14,28],[-3,-9,-12,14,28],[-3,-10,-12,14,28],[-4,-6,-9,-10,28],[-4,-6,-9,-12,28],[-4,-6,-9,14,28],[-4,-6,-10,-12,28],[-4,-6,-10,14,28],[-4,-6,-12,14,28],[-4,-9,-10,-12,28],[-4,-9,-10,14,28],[-4,-9,-12,14,28],[-4,-10,-12,14,28],[-6,-9,-10,-12,28],[-6,-9,-10,14,28],[-6,-9,-12,14,28],[-6,-10,-12,14,28],[-9,-10,-12,14,28],[2,3,4,-14,-28],[2,3,6,-14,-28],[2,3,9,-14,-28],[2,3,10,-14,-28],[2,3,12,-14,-28],[2,4,6,-14,-28],[2,4,9,-14,-28],[2,4,10,-14,-28],[2,4,12,-14,-28],[2,6,9,-14,-28],[2,6,10,-14,-28],[2,6,12,-14,-28],[2,9,10,-14,-28],[2,9,12,-14,-28],[2,10,12,-14,-28],[3,4,6,-14,-28],[3,4,9,-14,-28],[3,4,10,-14,-28],[3,4,12,-14,-28],[3,6,9,-14,-28],[3,6,10,-14,-28],[3,6,12,-14,-28],[3,9,10,-14,-28],[3,9,12,-14,-28],[3,10,12,-14,-28],[4,6,9,-14,-28],[4,6,10,-14,-28],[4,6,12,-14,-28],[4,9,10,-14,-28],[4,9,12,-14,-28],[4,10,12,-14,-28],[6,9,10,-14,-28],[6,9,12,-14,-28],[6,10,12,-14,-28],[9,10,12,-14,-28],[2,3,4,6,-28],[2,3,4,9,-28],[2,3,4,10,-28],[2,3,4,12,-28],[2,3,6,9,-28],[2,3,6,10,-28],[2,3,6,12,-28],[2,3,9,10,-28],[2,3,9,12,-28],[2,3,10,12,-28],[2,4,6,9,-28],[2,4,6,10,-28],[2,4,6,12,-28],[2,4,9,10,-28],[2,4,9,12,-28],[2,4,10,12,-28],[2,6,9,10,-28],[2,6,9,12,-28],[2,6,10,12,-28],[2,9,10,12,-28],[3,4,6,9,-28],[3,4,6,10,-28],[3,4,6,12,-28],[3,4,9,10,-28],[3,4,9,12,-28],[3,4,10,12,-28],[3,6,9,10,-28],[3,6,9,12,-28],[3,6,10,12,-28],[3,9,10,12,-28],[4,6,9,10,-28],[4,6,9,12,-28],[4,6,10,12,-28],[4,9,10,12,-28],[6,9,10,12,-28],[-2,-3,-4,-6,-9,-10,25,-28],[-2,-3,-4,-6,-9,-12,25,-28],[-2,-3,-4,-6,-9,14,25,-28],[-2,-3,-4,-6,-10,-12,25,-28],[-2,-3,-4,-6,-10,14,25,-28],[-2,-3,-4,-6,-12,14,25,-28],[-2,-3,-4,-9,-10,-12,25,-28],[-2,-3,-4,-9,-10,14,25,-28],[-2,-3,-4,-9,-12,14,25,-28],[-2,-3,-4,-10,-12,14,25,-28],[-2,-3,-6,-9,-10,-12,25,-28],[-2,-3,-6,-9,-10,14,25,-28],[-2,-3,-6,-9,-12,14,25,-28],[-2,-3,-6,-10,-12,14,25,-28],[-2,-3,-9,-10,-12,14,25,-28],[-2,-4,-6,-9,-10,-12,25,-28],[-2,-4,-6,-9,-10,14,25,-28],[-2,-4,-6,-9,-12,14,25,-28],[-2,-4,-6,-10,-12,14,25,-28],[-2,-4,-9,-10,-12,14,25,-28],[-2,-6,-9,-10,-12,14,25,-28],[-3,-4,-6,-9,-10,-12,25,-28],[-3,-4,-6,-9,-10,14,25,-28],[-3,-4,-6,-9,-12,14,25,-28],[-3,-4,-6,-10,-12,14,25,-28],[-3,-4,-9,-10,-12,14,25,-28],[-3,-6,-9,-10,-12,14,25,-28],[-4,-6,-9,-10,-12,14,25,-28],[2,3,4,6,9,-14,-25,28],[2,3,4,6,10,-14,-25,28],[2,3,4,6,12,-14,-25,28],[2,3,4,9,10,-14,-25,28],[2,3,4,9,12,-14,-25,28],[2,3,4,10,12,-14,-25,28],[2,3,6,9,10,-14,-25,28],[2,3,6,9,12,-14,-25,28],[2,3,6,10,12,-14,-25,28],[2,3,9,10,12,-14,-25,28],[2,4,6,9,10,-14,-25,28],[2,4,6,9,12,-14,-25,28],[2,4,6,10,12,-14,-25,28],[2,4,9,10,12,-14,-25,28],[2,6,9,10,12,-14,-25,28],[3,4,6,9,10,-14,-25,28],[3,4,6,9,12,-14,-25,28],[3,4,6,10,12,-14,-25,28],[3,4,9,10,12,-14,-25,28],[3,6,9,10,12,-14,-25,28],[4,6,9,10,12,-14,-25,28],[2,3,4,6,9,10,-25,28],[2,3,4,6,9,12,-25,28],[2,3,4,6,10,12,-25,28],[2,3,4,9,10,12,-25,28],[2,3,6,9,10,12,-25,28],[2,4,6,9,10,12,-25,28],[3,4,6,9,10,12,-25,28],[-2,-3,-4,-6,-9,-10,-12,14,-25,-28],[2,3,4,6,9,10,12,-14,25,28]]
48496300000000
(254,254)
48
