Enter 
1: Debug paTop
2: Debug assign
3: Debug paMeet
4: Debug up(Unit Propagation)
5: Debug gfpUP
6: Check Completeness by providing author's encoding
ANY OTHER NUMBER: PCE
Enter value of Vocabulary 'n' (Int n > 0)
*** Computing Propagation Complete Encodings (PCE) ***
Enter the variables of interest (list of integers)
Enter E_0 (Each clause is space seperated literals) and the clauses are seperated by ','
Enter E_ref (Each clause is space seperated literals) and the clauses are seperated by ','
1318000000
[[3,-5],[2,-5],[-2,-3,5],[3,6,-11],[6,8,-11],[2,8,-11],[-2,-6,8,11],[-2,3,-6,11],[-2,5,-6,11],[-3,6,-8,11],[2,-3,-8,11],[-3,5,-8,11],[-5,-6,-8,-11],[2,3,5,-11],[-5,-12,-18,-21],[-5,-12,18,21],[-5,12,-18,21],[3,6,12,-21],[6,12,18,-21],[2,6,18,-21],[3,8,12,-21],[8,12,18,-21],[2,8,18,-21],[-5,12,18,-21],[-2,6,-12,18,21],[-2,3,6,-12,21],[-2,5,6,-12,21],[-2,8,-12,18,21],[-2,3,8,-12,21],[-2,5,8,-12,21],[-2,11,-12,18,21],[-2,3,11,-12,21],[-2,5,11,-12,21],[-2,3,11,12,-21],[-2,11,12,18,-21],[-2,5,11,12,-21],[-3,6,12,-18,21],[2,-3,6,-18,21],[-3,5,6,-18,21],[-3,8,12,-18,21],[2,-3,8,-18,21],[-3,5,8,-18,21],[-3,11,12,-18,21],[2,-3,11,-18,21],[-3,5,11,-18,21],[-3,11,12,18,-21],[2,-3,11,18,-21],[-3,5,11,18,-21],[5,-6,-8,11,21],[3,-6,-8,12,21],[2,-6,-8,18,21],[2,-6,-11,-18,-21],[2,-6,-11,18,21],[-6,8,11,18,-21],[3,-8,-11,-12,-21],[3,-8,-11,12,21],[6,-8,11,12,-21],[2,-11,-12,-34,-37],[5,8,-11,-12,21],[2,-11,-12,34,37],[3,-11,-18,-22,-37],[5,6,-11,-18,21],[3,-11,-18,22,37],[5,8,-11,12,-21],[5,6,-11,18,-21],[3,-11,18,-22,37],[2,-11,12,-34,37],[2,-11,12,34,-37],[3,-11,18,22,-37],[11,12,18,-21,-37],[2,3,5,6,-21],[2,3,5,8,-21],[3,6,12,22,-37],[6,12,22,34,-37],[2,6,12,34,-37],[3,8,18,22,-37],[8,18,22,34,-37],[2,8,18,34,-37],[3,12,18,22,-37],[2,12,18,34,-37],[-2,-6,-8,-12,-18,-21],[-2,3,-6,-8,-12,-21],[-2,5,-6,-8,-12,-21],[-2,-6,-8,-11,-12,-21],[-2,-6,-8,12,-18,21],[-2,-6,-8,-11,12,21],[-2,3,-6,-18,-22,-37],[-2,5,-6,-18,-22,-37],[-2,3,-6,-18,22,37],[-2,5,-6,-18,22,37],[-2,3,-6,18,-22,37],[-2,5,-6,18,-22,37],[-2,3,-6,18,22,-37],[-2,5,-6,18,22,-37],[-2,-8,-11,-12,-18,-21],[-2,-8,-11,12,-18,21],[-2,-12,18,21,-22,37],[-2,-12,18,21,22,-37],[-2,12,18,-21,-22,37],[-2,12,18,-21,22,-37],[-2,6,12,-22,34,37],[-2,3,6,12,-22,37],[-2,5,6,12,-22,37],[-2,3,6,21,-22,37],[-2,5,6,21,-22,37],[-2,8,18,-22,34,37],[-2,3,8,18,-22,37],[-2,5,8,18,-22,37],[-2,3,11,12,-22,37],[-2,5,11,12,-22,37],[-2,3,11,21,-22,37],[-2,5,11,21,-22,37],[-2,3,12,18,-22,37],[-2,5,12,18,-22,37],[-2,3,6,21,22,-37],[-2,5,6,21,22,-37],[-2,3,11,12,22,-37],[-2,5,11,12,22,-37],[-2,3,11,21,22,-37],[-2,5,11,21,22,-37],[-3,-6,-8,-12,-18,-21],[-3,-6,-8,-12,18,21],[2,-3,-6,-8,-18,-21],[-3,5,-6,-8,-18,-21],[-3,-6,-8,-11,-18,-21],[-3,-6,-11,-12,-18,-21],[-3,-6,-11,-12,18,21],[-3,-6,-8,-11,18,21],[2,-3,-8,-12,-34,-37],[-3,5,-8,-12,-34,-37],[2,-3,-8,-12,34,37],[-3,5,-8,-12,34,37],[2,-3,-8,12,-34,37],[-3,5,-8,12,-34,37],[2,-3,-8,12,34,-37],[-3,5,-8,12,34,-37],[-3,12,-18,21,-34,37],[-3,12,-18,21,34,-37],[-3,12,18,-21,-34,37],[-3,12,18,-21,34,-37],[-3,6,12,22,-34,37],[2,-3,6,12,-34,37],[-3,5,6,12,-34,37],[-3,8,18,22,-34,37],[2,-3,8,18,-34,37],[-3,5,8,18,-34,37],[2,-3,8,21,-34,37],[-3,5,8,21,-34,37],[2,-3,11,18,-34,37],[-3,5,11,18,-34,37],[2,-3,11,21,-34,37],[-3,5,11,21,-34,37],[2,-3,12,18,-34,37],[-3,5,12,18,-34,37],[2,-3,8,21,34,-37],[-3,5,8,21,34,-37],[2,-3,11,18,34,-37],[-3,5,11,18,34,-37],[2,-3,11,21,34,-37],[-3,5,11,21,34,-37],[-6,-8,-12,-18,-21,-37],[-6,-8,11,-12,18,21],[-6,-8,11,12,-18,21],[5,-6,-8,12,18,21],[-5,-6,-12,-22,-34,-37],[-5,-6,-12,-22,34,37],[-5,-6,-12,22,-34,37],[-5,-6,-12,22,34,-37],[5,-6,11,-18,21,37],[2,-6,8,-18,21,37],[-6,8,11,-18,21,37],[3,-6,8,-18,22,37],[2,-6,8,-18,34,37],[-6,8,11,-18,34,37],[3,-6,11,12,-18,37],[-6,11,12,-18,21,37],[3,-6,12,-18,22,37],[3,-6,-18,21,22,37],[2,-6,8,-21,-34,-37],[-6,8,11,-21,-34,-37],[2,-6,8,-21,34,37],[-6,8,11,-21,34,37],[3,-6,11,12,18,-37],[3,-6,11,18,21,-37],[-6,8,11,18,34,-37],[3,-6,18,21,22,-37],[2,-6,18,21,34,-37],[5,-8,11,-12,21,37],[3,6,-8,-12,21,37],[6,-8,11,-12,21,37],[3,6,-8,-12,22,37],[6,-8,11,-12,22,37],[2,6,-8,-12,34,37],[2,-8,11,-12,18,37],[-8,11,-12,18,21,37],[2,-8,-12,18,34,37],[2,-8,-12,21,34,37],[-5,-8,-18,-22,-34,-37],[-5,-8,-18,-22,34,37],[-5,-8,-18,22,-34,37],[-5,-8,-18,22,34,-37],[3,6,-8,-21,-22,-37],[6,-8,11,-21,-22,-37],[3,6,-8,-21,22,37],[6,-8,11,-21,22,37],[2,-8,11,12,18,-37],[2,-8,11,12,21,-37],[6,-8,11,12,22,-37],[3,-8,12,21,22,-37],[2,-8,12,21,34,-37],[-11,-12,-18,-22,-34,-37],[-5,-11,21,-22,-34,-37],[8,-11,18,-22,34,37],[-5,-11,21,-22,34,37],[6,-11,12,22,-34,37],[-5,-11,21,22,-34,37],[-11,12,18,22,34,-37],[-5,-11,21,22,34,-37],[2,11,-12,18,-21,37],[2,-12,18,-21,34,37],[5,6,-11,-12,-34,-37],[8,-12,18,21,34,-37],[5,6,-11,-12,34,37],[3,11,12,-18,-21,37],[3,12,-18,-21,22,37],[5,8,-11,-18,-22,-37],[6,12,-18,21,22,-37],[5,8,-11,-18,22,37],[-5,11,-21,-22,-34,-37],[5,8,18,-21,-22,37],[3,8,11,-21,-22,37],[8,18,-21,-22,34,37],[-5,11,-21,-22,34,37],[5,6,12,-21,-34,37],[2,6,11,-21,-34,37],[6,12,-21,22,-34,37],[-5,11,-21,22,-34,37],[5,6,12,-21,34,-37],[5,8,18,-21,22,-37],[2,6,11,-21,34,-37],[6,8,-21,22,34,-37],[3,8,11,-21,22,-37],[-5,11,-21,22,34,-37],[12,18,-21,22,34,-37],[-5,6,12,-22,-34,-37],[-5,8,18,-22,-34,-37],[-2,5,8,11,-22,37],[-2,5,18,21,-22,37],[-3,5,6,11,-34,37],[-3,5,12,21,-34,37],[2,3,5,6,12,-37],[2,5,6,8,34,-37],[2,3,5,12,18,-37],[2,3,5,8,18,-37],[3,5,6,8,22,-37],[-3,5,6,11,34,-37],[5,6,8,22,34,-37],[-2,5,8,11,22,-37],[-3,5,12,21,34,-37],[5,12,18,22,34,-37],[-2,5,18,21,22,-37],[3,6,8,11,22,-37],[2,6,8,11,34,-37],[-2,-6,-8,-18,-22,-34,-37],[-2,-6,-8,-18,22,-34,37],[-2,-6,-11,18,-22,34,37],[-2,-6,-11,18,22,34,-37],[-2,-6,-12,-18,-22,-34,-37],[-2,-6,-12,-18,22,-34,37],[-2,-6,-12,-18,-21,-22,-37],[-2,-6,-12,-18,-21,22,37],[-2,-6,-12,18,-22,34,37],[-2,-6,-12,18,22,34,-37],[-2,-6,-18,21,-22,-34,-37],[-2,-6,11,-18,-22,34,37],[-2,-6,-18,21,22,-34,37],[-2,-6,11,-18,22,34,-37],[-2,-6,11,-21,-22,-34,-37],[-2,-6,18,-21,-22,34,37],[-2,-6,11,-21,22,-34,37],[-2,-6,18,-21,22,34,-37],[-2,-6,12,-18,21,-22,-37],[-2,-6,12,-18,21,22,37],[-2,-8,-11,-18,-22,-34,-37],[-2,-8,-11,-18,22,-34,37],[-2,-8,-12,-18,-22,-34,-37],[-2,3,-8,-12,-18,-22,-37],[-2,5,-8,-12,-18,-22,-37],[-2,-8,-12,-18,-21,-22,-37],[-2,-8,-12,-18,22,-34,37],[-2,3,-8,-12,-18,22,37],[-2,5,-8,-12,-18,22,37],[-2,-8,-12,-18,-21,22,37],[-2,3,-8,-12,-21,-22,-37],[-2,5,-8,-12,-21,-22,-37],[-2,3,-8,-12,-21,22,37],[-2,5,-8,-12,-21,22,37],[-2,-8,11,-12,-22,-34,-37],[-2,3,6,-8,-12,-22,-37],[-2,5,6,-8,-12,-22,-37],[-2,6,-8,11,-12,-22,-37],[-2,-8,11,-12,22,-34,37],[-2,-8,-18,-21,-22,-34,-37],[-2,3,-8,-18,-21,-22,-37],[-2,5,-8,-18,-21,-22,-37],[-2,-8,-18,-21,22,-34,37],[-2,-8,12,-18,21,-22,37],[-2,-8,12,-18,21,22,-37],[-2,-8,11,-21,-22,-34,-37],[-2,-8,11,-21,22,-34,37],[-2,6,-8,21,-22,34,37],[-2,6,-8,21,22,34,-37],[-2,-11,-12,-18,22,-34,37],[-2,-11,-12,-18,-21,-22,-37],[-2,-11,-12,-18,-21,22,37],[-2,-11,-18,21,-22,-34,-37],[-2,6,-11,-18,-22,34,37],[-2,-11,-18,21,22,-34,37],[-2,6,-11,-18,22,34,-37],[-2,6,-11,12,-22,-34,-37],[-2,-11,12,-18,21,-22,-37],[-2,-11,12,18,-22,34,37],[-2,-11,18,21,-22,34,37],[-2,-11,18,21,22,34,-37],[-2,-11,12,-18,21,22,37],[-2,3,-12,-18,21,-22,-37],[-2,5,-12,-18,21,-22,-37],[-2,3,-12,-18,21,22,37],[-2,5,-12,-18,21,22,37],[-2,-6,11,-12,-22,34,37],[-2,-6,11,-12,22,34,-37],[-2,3,12,-18,-21,-22,-37],[-2,5,12,-18,-21,-22,-37],[-2,6,-11,-18,-22,-34,-37],[-2,-6,11,-18,-22,-34,-37],[-2,11,12,-18,-22,34,37],[-2,6,-11,-18,22,-34,37],[-2,-6,11,-18,22,-34,37],[-2,11,12,-18,22,34,-37],[-2,6,12,-21,-22,-34,-37],[-2,6,8,-21,-22,34,37],[-2,6,-11,21,-22,-34,-37],[-2,11,12,-21,-22,-34,-37],[-2,6,-11,21,22,-34,37],[-2,11,12,-21,22,-34,37],[-3,-6,-8,-12,-22,-34,-37],[-3,-6,-8,-12,-22,34,37],[-3,-6,-11,-12,-22,-34,-37],[-3,-6,-11,-12,-22,34,37],[-3,-6,-12,-18,-22,-34,-37],[-3,-6,-12,-18,-22,34,37],[2,-3,-6,-12,-18,-34,-37],[-3,5,-6,-12,-18,-34,-37],[-3,-6,-12,-18,-21,-34,-37],[2,-3,-6,-12,-18,34,37],[-3,5,-6,-12,-18,34,37],[-3,-6,-12,-18,-21,34,37],[-3,-6,-12,-21,-22,-34,-37],[-3,-6,-12,-21,-22,34,37],[2,-3,-6,-12,-21,-34,-37],[-3,5,-6,-12,-21,-34,-37],[-3,-6,-12,18,21,-34,37],[-3,-6,-12,18,21,34,-37],[2,-3,-6,-18,-21,-34,-37],[-3,5,-6,-18,-21,-34,-37],[2,-3,-6,-18,-21,34,37],[-3,5,-6,-18,-21,34,37],[-3,-6,11,-18,-22,-34,-37],[-3,-6,11,-18,-22,34,37],[2,-3,-6,8,-18,-34,-37],[-3,5,-6,8,-18,-34,-37],[-3,-6,8,11,-18,-34,-37],[-3,-6,11,-21,-22,-34,-37],[-3,-6,11,-21,-22,34,37],[-3,-6,8,21,22,-34,37],[-3,-6,8,21,22,34,-37],[-3,-8,-11,12,22,-34,37],[-3,-8,-11,12,22,34,-37],[-3,-8,-12,-18,-22,-34,-37],[-3,-8,-12,-18,-22,34,37],[-3,-8,-12,21,-22,-34,-37],[-3,-8,-12,21,-22,34,37],[-3,-8,11,-12,22,-34,37],[-3,-8,11,-12,22,34,-37],[-3,-8,-12,-18,-21,-34,-37],[-3,-8,-12,-18,-21,34,37],[-3,-8,12,-18,22,-34,37],[-3,-8,12,-18,22,34,-37],[-3,-8,11,-21,-22,-34,-37],[-3,-8,11,-21,-22,34,37],[-3,-8,12,-21,22,-34,37],[-3,-8,12,-21,22,34,-37],[-3,-8,-12,18,21,-34,-37],[-3,-8,-12,18,21,34,37],[-3,-11,-12,-18,-22,34,37],[-3,-11,-12,21,-22,-34,-37],[-3,-11,-12,21,-22,34,37],[-3,8,-11,-12,22,-34,37],[-3,8,-11,-12,22,34,-37],[-3,-11,-12,-18,-21,-34,-37],[-3,-11,-12,-18,-21,34,37],[-3,8,-11,18,-22,-34,-37],[-3,-11,-12,18,21,-34,-37],[-3,-11,12,18,22,-34,37],[-3,-11,12,21,22,-34,37],[-3,-11,12,21,22,34,-37],[-3,-11,-12,18,21,34,37],[2,-3,-12,-18,21,-34,-37],[-3,5,-12,-18,21,-34,-37],[2,-3,-12,-18,21,34,37],[-3,5,-12,-18,21,34,37],[2,-3,-12,18,-21,-34,-37],[-3,5,-12,18,-21,-34,-37],[-3,8,-11,-12,-22,-34,-37],[-3,-8,11,-12,-22,-34,-37],[-3,8,-11,-12,-22,34,37],[-3,-8,11,-12,-22,34,37],[-3,11,-12,18,22,-34,37],[-3,11,-12,18,22,34,-37],[-3,-8,11,-18,22,-34,37],[-3,-8,11,-18,22,34,-37],[-3,8,18,-21,-22,-34,-37],[-3,6,8,-21,22,-34,37],[-3,6,11,-21,22,-34,37],[-3,8,-11,21,-22,-34,-37],[-3,11,18,-21,-22,-34,-37],[-3,8,-11,21,-22,34,37],[-3,11,18,-21,-22,34,37],[5,-6,-8,-11,-12,-18,-21],[-6,-8,-12,-18,-22,-34,-37],[3,-6,-8,-12,-18,-22,-37],[2,-6,-8,-12,-18,-34,-37],[3,-6,-8,-12,18,-21,37],[-6,-8,-11,-12,-21,34,37],[-6,-8,-12,18,-22,34,37],[3,-6,-8,-12,18,-22,37],[-6,-8,-12,18,21,-22,37],[2,-6,-8,-12,21,-34,-37],[-6,-8,-12,18,21,22,-37],[5,-6,-8,11,-12,18,37],[2,-6,-8,12,-18,-21,37],[-6,-8,-11,-18,-21,22,37],[3,-6,-8,-18,21,-22,-37],[-6,-8,12,-18,22,-34,37],[2,-6,-8,12,-18,-34,37],[-6,-8,12,-18,21,-34,37],[-6,-8,12,-18,21,34,-37],[5,-6,-8,11,12,-18,37],[-5,-6,-8,-21,-22,-34,-37],[-5,-6,-8,-21,-22,34,37],[-5,-6,-8,-21,22,-34,37],[-5,-6,-8,-21,22,34,-37],[-6,-8,12,21,-22,-34,37],[-6,-8,18,21,-22,-34,37],[-6,-8,12,21,-22,34,-37],[-6,-8,18,21,22,-34,-37],[-6,-11,-12,-18,-21,-22,-37],[-6,-11,-12,-18,-21,22,37],[-6,-11,-12,18,-22,34,37],[-6,-11,-12,18,21,-22,37],[-6,-11,-12,18,21,22,-37],[-6,-11,12,-18,-22,34,-37],[5,-6,-11,-18,-21,-22,-37],[-6,-11,-18,-21,-22,34,-37],[5,-6,-11,-18,-21,22,37],[-6,-11,-18,-21,22,34,37],[-5,-6,-11,18,-22,-34,-37],[5,-6,-11,18,21,-22,37],[-5,-6,-11,18,22,-34,37],[5,-6,-11,18,21,22,-37],[-6,11,-12,-18,-21,-34,-37],[5,-6,8,-12,-18,21,37],[2,-6,-12,-18,21,34,37],[-6,-12,-18,-21,-22,-34,-37],[-6,-12,18,-21,-22,34,37],[3,-6,-12,18,-21,-22,37],[5,-6,11,-12,18,-21,37],[-3,5,-6,-12,-21,34,37],[-6,11,-12,18,21,34,-37],[-6,-12,18,21,22,34,-37],[3,-6,8,-18,-21,-22,-37],[-6,8,-18,-21,22,34,37],[2,-6,12,-18,-21,34,37],[-6,11,12,-18,-22,34,37],[-6,11,-18,21,-22,34,37],[-6,8,-18,21,22,-34,37],[-6,11,-18,21,22,-34,37],[-5,-6,-18,21,22,34,-37],[2,3,5,-6,12,-18,37],[2,3,5,-6,8,-18,37],[3,5,-6,8,11,-18,37],[5,-6,8,-18,22,34,37],[5,-6,11,12,-18,34,37],[-6,8,12,-18,22,34,37],[-5,-6,18,-21,-22,-34,-37],[5,-6,8,12,-21,-34,-37],[-6,8,12,-21,22,-34,-37],[-5,-6,18,-21,22,-34,37],[5,-6,8,12,-21,34,37],[-6,8,12,-21,22,34,37],[-5,-6,8,21,-22,-34,-37],[-6,11,12,18,-22,34,-37],[-6,11,18,21,-22,34,-37],[-5,-6,8,21,-22,34,37],[-6,-11,18,21,-22,34,37],[-3,5,-6,18,21,-34,37],[-6,12,-18,21,22,-34,37],[5,-6,18,21,22,34,-37],[5,-6,8,-18,21,22,37],[-6,8,12,-18,21,22,37],[-8,-11,-12,18,22,-34,-37],[-8,-11,-12,-18,-21,-34,-37],[-8,-11,-12,-18,-21,34,37],[-8,-11,12,-18,22,-34,37],[-8,-11,12,-18,21,-34,37],[-8,-11,12,-18,21,34,-37],[5,-8,-11,-12,-21,-34,-37],[-8,-11,-12,-21,22,-34,-37],[5,-8,-11,-12,-21,34,37],[-8,-11,-12,-21,22,34,37],[-5,-8,-11,12,-22,-34,-37],[-5,-8,-11,12,-22,34,37],[5,-8,-11,12,21,-34,37],[5,-8,-11,12,21,34,-37],[-8,11,-12,-18,-21,-22,-37],[5,6,-8,-12,-18,21,37],[3,-8,-12,-18,21,22,37],[-8,-12,-18,-21,-22,-34,-37],[2,6,-8,-12,-21,-34,-37],[6,-8,-12,-21,22,34,37],[3,-8,-12,18,-21,22,37],[6,-8,-12,21,-22,34,37],[-8,11,-12,21,-22,34,37],[-8,11,-12,18,22,-34,37],[-8,11,-12,21,22,-34,37],[-5,-8,-12,21,22,34,-37],[2,3,5,6,-8,-12,37],[2,5,6,-8,11,-12,37],[2,3,5,-8,-12,18,37],[5,6,-8,-12,22,34,37],[5,-8,11,-12,18,22,37],[6,-8,-12,18,22,34,37],[-8,12,-18,-21,22,-34,37],[2,-8,12,-18,-21,-34,37],[5,-8,11,12,-18,-21,37],[-2,5,-8,-18,-21,22,37],[-8,11,12,-18,21,22,-37],[-8,12,-18,21,22,34,-37],[-5,-8,12,-21,-22,-34,-37],[5,6,-8,18,-21,-22,-37],[6,-8,18,-21,-22,34,-37],[-5,-8,12,-21,-22,34,37],[5,6,-8,18,-21,22,37],[6,-8,18,-21,22,34,37],[-5,6,-8,21,-22,-34,-37],[-2,5,-8,12,21,-22,37],[-8,-12,18,21,-22,34,37],[-8,11,12,21,22,-34,-37],[-8,11,12,18,22,-34,-37],[-5,6,-8,21,22,-34,37],[-8,-11,12,21,22,-34,37],[5,-8,12,21,22,34,-37],[5,6,-8,-12,21,34,37],[6,-8,-12,18,21,34,37],[-5,-11,-12,-18,22,34,-37],[5,-11,-12,-18,22,34,37],[5,-11,-12,18,-22,34,37],[5,-11,-12,18,22,-34,-37],[5,-11,12,-18,-22,34,-37],[5,-11,12,-18,22,-34,37],[6,-11,18,-21,-22,34,-37],[8,-11,12,-21,22,-34,-37],[8,-11,12,-21,22,34,37],[6,-11,18,-21,22,34,37],[-5,-11,12,18,-22,-34,-37],[5,-11,12,18,-22,-34,37],[2,3,5,-12,-18,-21,-37],[6,-11,-12,-18,-22,34,37],[8,-11,-12,-18,22,-34,37],[-5,8,-12,-21,-22,-34,-37],[6,-11,-12,-21,22,-34,-37],[-5,8,-12,-21,22,-34,37],[2,3,5,-12,18,-21,37],[6,-11,-12,21,-22,-34,-37],[8,-11,-12,21,-22,-34,-37],[-5,11,-12,18,-22,-34,-37],[6,8,-12,21,-22,34,-37],[8,-11,-12,21,-22,34,37],[-5,11,-12,18,-22,34,37],[6,-11,-12,18,22,-34,-37],[8,-11,-12,21,22,-34,37],[3,5,8,-12,18,21,-37],[3,6,8,11,-12,21,-37],[-5,6,-18,-21,-22,-34,-37],[8,-11,-18,-21,-22,34,-37],[-5,6,-18,-21,-22,34,37],[2,3,5,12,-18,-21,37],[6,-11,-18,21,-22,-34,-37],[8,-11,-18,21,-22,-34,-37],[-5,11,12,-18,-22,-34,-37],[8,-11,12,-18,-22,34,-37],[6,-11,-18,21,-22,34,37],[6,8,-18,21,22,-34,-37],[6,-11,-18,21,22,-34,37],[-5,11,12,-18,22,-34,37],[2,5,6,12,-18,21,-37],[2,6,8,11,-18,21,-37],[5,6,8,-21,-22,-34,37],[-5,6,11,18,-22,-34,-37],[-5,6,18,21,-22,-34,-37],[-5,8,11,12,-22,-34,-37],[-5,8,12,21,-22,-34,-37],[-5,6,11,18,-22,34,37],[-2,6,18,21,-22,34,37],[-5,6,18,21,-22,34,37],[-2,8,11,12,-22,34,37],[-5,8,11,12,-22,34,37],[-5,8,12,21,-22,34,37],[-3,6,11,18,22,-34,37],[-5,6,11,18,22,-34,37],[-5,6,18,21,22,-34,37],[-5,8,11,12,22,-34,37],[-3,8,12,21,22,-34,37],[-5,8,12,21,22,-34,37],[2,3,5,6,8,11,-37],[-2,-6,-8,12,18,-22,-34,37],[-2,-6,-8,12,18,22,-34,-37],[-2,-6,-8,12,21,22,34,37],[-2,-6,-11,12,-18,22,34,37],[-2,-6,8,12,-21,-22,34,-37],[-2,-6,-8,12,21,22,-34,-37],[-2,-6,11,12,21,22,-34,-37],[-2,-6,11,12,18,22,34,37],[-2,-6,11,18,21,22,34,37],[-2,-8,-11,-12,18,-22,-34,37],[-2,-8,-11,-12,-21,-22,34,-37],[-2,-8,-11,18,-21,-22,-34,37],[-2,-8,-11,18,-21,22,-34,-37],[-2,-8,-11,-12,-21,-22,-34,37],[-2,6,-8,-12,-21,-22,34,-37],[-2,-6,-8,-12,-21,-22,34,37],[-2,-6,-8,-12,-21,22,34,-37],[-2,6,-8,-12,18,-22,34,-37],[-2,-8,11,-18,21,-22,34,37],[-2,-8,11,-18,21,22,34,-37],[-2,-8,-11,12,21,-22,-34,-37],[-2,-8,11,12,21,-22,-34,37],[-2,-8,11,12,18,-22,-34,37],[-2,-8,11,18,21,-22,-34,37],[-2,6,-11,-12,18,-22,34,-37],[-2,6,-11,-12,18,22,34,37],[-2,8,-11,12,-21,-22,34,-37],[-2,6,8,-12,-18,-22,-34,37],[-2,8,11,-12,-18,-22,-34,37],[-2,6,8,-12,-18,22,-34,-37],[-2,8,11,-12,-18,22,-34,-37],[-2,6,-11,-12,-21,-22,-34,37],[-2,6,11,-12,21,-22,-34,37],[-2,6,11,-12,21,22,-34,-37],[-2,6,11,-18,21,-22,-34,37],[-2,6,8,-18,21,-22,-34,37],[-2,8,11,-18,21,-22,-34,37],[-2,6,11,-18,21,22,-34,-37],[-2,6,11,-12,21,-22,34,-37],[-2,-6,11,12,21,-22,34,-37],[-2,6,11,-12,21,22,34,37],[-2,-6,11,12,21,22,34,37],[-3,-6,-8,12,18,-22,-34,37],[-3,-6,-8,12,18,-22,34,-37],[-3,-6,-8,18,21,22,34,37],[-3,-6,-11,12,-18,-22,-34,37],[-3,-6,-11,-18,-21,22,-34,-37],[-3,-6,-11,12,-21,-22,-34,37],[-3,-6,-11,12,-21,-22,34,-37],[-3,-6,11,-12,21,22,-34,37],[-3,-6,11,-12,21,22,34,-37],[-3,-6,-11,-18,-21,-22,-34,37],[-3,-6,8,-18,-21,22,-34,-37],[-3,-6,-8,-18,-21,22,-34,37],[-3,-6,-8,-18,-21,22,34,-37],[-3,-6,8,12,-18,22,-34,-37],[-3,-6,-11,18,21,-22,-34,-37],[-3,-6,11,12,18,-22,-34,37],[-3,-6,11,12,21,-22,-34,37],[-3,-6,11,18,21,-22,-34,37],[-3,-8,-11,-12,18,22,34,37],[-3,6,-8,18,-21,22,-34,-37],[-3,-6,-8,18,21,-22,34,-37],[-3,-8,11,18,21,-22,34,-37],[-3,-8,11,12,18,22,34,37],[-3,-8,11,12,21,22,34,37],[-3,8,-11,12,-18,22,-34,-37],[-3,8,-11,12,-18,22,34,37],[-3,6,-11,18,-21,22,-34,-37],[-3,6,8,-12,-18,-22,-34,37],[-3,6,11,-12,-18,-22,-34,37],[-3,6,8,-12,-18,-22,34,-37],[-3,6,11,-12,-18,-22,34,-37],[-3,6,8,-12,21,-22,-34,37],[-3,6,11,-12,21,-22,-34,37],[-3,8,11,-12,21,-22,-34,37],[-3,8,11,-12,21,-22,34,-37],[-3,8,-11,-18,-21,-22,-34,37],[-3,8,11,-18,21,-22,-34,37],[-3,8,11,-18,21,-22,34,-37],[-3,8,11,-18,21,22,-34,-37],[-3,-8,11,18,21,22,-34,-37],[-3,8,11,-18,21,22,34,37],[-3,-8,11,18,21,22,34,37],[-6,-8,11,-12,-18,22,34,-37],[-6,-8,-11,-12,-18,22,34,37],[-6,-8,-11,-12,18,-21,-34,-37],[-6,-8,-11,12,-18,-21,-22,-37],[5,-6,-8,12,-18,-21,22,37],[5,-6,-8,-12,18,-21,34,37],[-6,-8,11,12,21,22,34,37],[-6,-8,11,18,21,22,34,37],[-5,-6,-8,12,18,22,34,37],[-6,-8,12,18,21,22,34,37],[-5,-6,-11,12,-18,22,-34,-37],[3,5,-6,-12,-18,-21,-22,-37],[-6,8,-12,-18,21,-22,34,37],[2,5,-6,-8,11,-12,-18,-37],[5,-6,-12,-18,21,22,34,37],[5,-6,8,-18,-21,-22,-34,-37],[-5,-6,8,-18,-21,-22,-34,37],[5,-6,12,-18,-21,22,34,37],[-5,-6,8,12,-18,-22,-34,37],[2,-3,5,-6,11,-18,-34,-37],[2,5,-6,12,-18,21,-34,37],[-5,-8,-11,-12,18,-22,34,-37],[2,5,-8,-12,-18,-21,-34,-37],[6,-8,-12,-18,21,22,-34,37],[3,5,-6,-8,11,-12,-18,-37],[5,-8,-12,-18,21,22,34,37],[5,6,-8,-12,-21,-22,-34,-37],[-5,6,-8,-12,-21,-22,-34,37],[5,-8,-12,18,-21,22,34,37],[-5,6,-8,-12,18,-22,-34,37],[-2,3,5,-8,11,-12,-22,-37],[3,5,-8,-12,18,21,-22,37],[-5,8,11,-12,-18,-22,34,-37],[-5,6,11,-12,-18,22,-34,-37],[5,6,8,11,-12,-18,21,-37],[6,-11,-12,-18,21,22,34,-37],[8,-11,-12,-18,21,22,34,-37],[-2,8,11,-12,21,22,-34,-37],[-5,8,11,-12,21,22,-34,-37],[-2,8,11,-12,21,22,34,37],[-5,8,11,-12,21,22,34,37],[-3,6,11,-18,21,-22,34,-37],[-5,6,11,-18,21,-22,34,-37],[-3,6,11,-18,21,22,34,37],[-5,6,11,-18,21,22,34,37],[-2,-6,8,-11,12,-21,-22,-34,37],[-2,-6,8,12,-18,-21,-22,-34,37],[-2,8,-11,12,-18,-21,-22,-34,37],[-3,6,-8,-11,18,-21,-22,-34,37],[-3,6,-8,-12,18,-21,-22,-34,37],[-3,6,-11,-12,18,-21,-22,-34,37],[-5,6,8,11,-12,-18,22,34,37]]
[[3,-5],[2,-5],[-2,-3,5],[6,8,-11],[-2,-6,8,11],[-2,5,-6,11],[-3,6,-8,11],[-3,5,-8,11],[-5,-6,-8,-11],[2,3,5,-11],[-5,-12,-18,-21],[-5,-12,18,21],[-5,12,-18,21],[6,12,18,-21],[8,12,18,-21],[-2,6,-12,18,21],[-2,5,6,-12,21],[-2,8,-12,18,21],[-2,11,-12,18,21],[-2,5,11,-12,21],[-2,11,12,18,-21],[-2,5,11,12,-21],[-3,6,12,-18,21],[-3,8,12,-18,21],[-3,5,8,-18,21],[-3,11,12,-18,21],[-3,5,11,-18,21],[-3,11,12,18,-21],[-3,5,11,18,-21],[5,-6,-8,11,21],[3,-6,-8,12,21],[2,-6,-8,18,21],[2,-6,-11,-18,-21],[2,-6,-11,18,21],[-6,8,11,18,-21],[3,-8,-11,-12,-21],[3,-8,-11,12,21],[6,-8,11,12,-21],[2,-11,-12,-34,-37],[5,8,-11,-12,21],[2,-11,-12,34,37],[3,-11,-18,-22,-37],[5,6,-11,-18,21],[3,-11,-18,22,37],[5,8,-11,12,-21],[5,6,-11,18,-21],[3,-11,18,-22,37],[2,-11,12,-34,37],[2,-11,12,34,-37],[3,-11,18,22,-37],[11,12,18,-21,-37],[2,3,5,6,-21],[2,3,5,8,-21],[6,12,22,34,-37],[8,18,22,34,-37],[3,12,18,22,-37],[2,12,18,34,-37],[-2,-6,-8,-12,-18,-21],[-2,5,-6,-8,-12,-21],[-2,-6,-8,-11,-12,-21],[-2,-6,-8,12,-18,21],[-2,-6,-8,-11,12,21],[-2,5,-6,-18,-22,-37],[-2,5,-6,-18,22,37],[-2,5,-6,18,-22,37],[-2,5,-6,18,22,-37],[-2,-8,-11,-12,-18,-21],[-2,-8,-11,12,-18,21],[-2,-12,18,21,-22,37],[-2,-12,18,21,22,-37],[-2,12,18,-21,-22,37],[-2,12,18,-21,22,-37],[-2,6,12,-22,34,37],[-2,5,6,12,-22,37],[-2,5,6,21,-22,37],[-2,8,18,-22,34,37],[-2,5,11,12,-22,37],[-2,5,11,21,-22,37],[-2,5,12,18,-22,37],[-2,5,6,21,22,-37],[-2,5,11,12,22,-37],[-2,5,11,21,22,-37],[-3,-6,-8,-12,-18,-21],[-3,-6,-8,-12,18,21],[-3,5,-6,-8,-18,-21],[-3,-6,-8,-11,-18,-21],[-3,-6,-11,-12,-18,-21],[-3,-6,-11,-12,18,21],[-3,-6,-8,-11,18,21],[-3,5,-8,-12,-34,-37],[-3,5,-8,-12,34,37],[-3,5,-8,12,-34,37],[-3,5,-8,12,34,-37],[-3,12,-18,21,-34,37],[-3,12,-18,21,34,-37],[-3,12,18,-21,-34,37],[-3,12,18,-21,34,-37],[-3,6,12,22,-34,37],[-3,8,18,22,-34,37],[-3,5,8,18,-34,37],[-3,5,8,21,-34,37],[-3,5,11,18,-34,37],[-3,5,11,21,-34,37],[-3,5,12,18,-34,37],[-3,5,8,21,34,-37],[-3,5,11,18,34,-37],[-3,5,11,21,34,-37],[-6,-8,-12,-18,-21,-37],[-6,-8,11,-12,18,21],[-6,-8,11,12,-18,21],[5,-6,-8,12,18,21],[-5,-6,-12,-22,-34,-37],[-5,-6,-12,-22,34,37],[-5,-6,-12,22,-34,37],[-5,-6,-12,22,34,-37],[5,-6,11,-18,21,37],[-6,8,11,-18,21,37],[3,-6,8,-18,22,37],[-6,8,11,-18,34,37],[-6,11,12,-18,21,37],[3,-6,12,-18,22,37],[3,-6,-18,21,22,37],[-6,8,11,-21,-34,-37],[-6,8,11,-21,34,37],[3,-6,11,18,21,-37],[-6,8,11,18,34,-37],[3,-6,18,21,22,-37],[2,-6,18,21,34,-37],[5,-8,11,-12,21,37],[6,-8,11,-12,21,37],[6,-8,11,-12,22,37],[2,6,-8,-12,34,37],[-8,11,-12,18,21,37],[2,-8,-12,18,34,37],[2,-8,-12,21,34,37],[-5,-8,-18,-22,-34,-37],[-5,-8,-18,-22,34,37],[-5,-8,-18,22,-34,37],[-5,-8,-18,22,34,-37],[6,-8,11,-21,-22,-37],[6,-8,11,-21,22,37],[2,-8,11,12,21,-37],[6,-8,11,12,22,-37],[3,-8,12,21,22,-37],[2,-8,12,21,34,-37],[-11,-12,-18,-22,-34,-37],[-5,-11,21,-22,-34,-37],[-5,-11,21,-22,34,37],[-5,-11,21,22,-34,37],[-11,12,18,22,34,-37],[-5,-11,21,22,34,-37],[2,11,-12,18,-21,37],[2,-12,18,-21,34,37],[5,6,-11,-12,-34,-37],[8,-12,18,21,34,-37],[5,6,-11,-12,34,37],[3,11,12,-18,-21,37],[3,12,-18,-21,22,37],[5,8,-11,-18,-22,-37],[6,12,-18,21,22,-37],[5,8,-11,-18,22,37],[-5,11,-21,-22,-34,-37],[5,8,18,-21,-22,37],[3,8,11,-21,-22,37],[8,18,-21,-22,34,37],[-5,11,-21,-22,34,37],[5,6,12,-21,-34,37],[2,6,11,-21,-34,37],[6,12,-21,22,-34,37],[-5,11,-21,22,-34,37],[5,6,12,-21,34,-37],[5,8,18,-21,22,-37],[2,6,11,-21,34,-37],[3,8,11,-21,22,-37],[-5,11,-21,22,34,-37],[-5,6,12,-22,-34,-37],[-5,8,18,-22,-34,-37],[-2,5,8,11,-22,37],[-2,5,18,21,-22,37],[-3,5,6,11,-34,37],[-3,5,12,21,-34,37],[2,3,5,6,12,-37],[2,5,6,8,34,-37],[2,3,5,8,18,-37],[3,5,6,8,22,-37],[-3,5,6,11,34,-37],[-2,5,8,11,22,-37],[-3,5,12,21,34,-37],[5,12,18,22,34,-37],[-2,5,18,21,22,-37],[3,6,8,11,22,-37],[2,6,8,11,34,-37],[-2,-6,-8,-18,-22,-34,-37],[-2,-6,-8,-18,22,-34,37],[-2,-6,-11,18,-22,34,37],[-2,-6,-11,18,22,34,-37],[-2,-6,-12,-18,-22,-34,-37],[-2,-6,-12,-18,22,-34,37],[-2,-6,-12,-18,-21,-22,-37],[-2,-6,-12,-18,-21,22,37],[-2,-6,-12,18,-22,34,37],[-2,-6,-12,18,22,34,-37],[-2,-6,-18,21,-22,-34,-37],[-2,-6,11,-18,-22,34,37],[-2,-6,-18,21,22,-34,37],[-2,-6,11,-18,22,34,-37],[-2,-6,11,-21,-22,-34,-37],[-2,-6,18,-21,-22,34,37],[-2,-6,11,-21,22,-34,37],[-2,-6,18,-21,22,34,-37],[-2,-6,12,-18,21,-22,-37],[-2,-6,12,-18,21,22,37],[-2,-8,-11,-18,-22,-34,-37],[-2,-8,-11,-18,22,-34,37],[-2,-8,-12,-18,-22,-34,-37],[-2,5,-8,-12,-18,-22,-37],[-2,-8,-12,-18,22,-34,37],[-2,5,-8,-12,-18,22,37],[-2,5,-8,-12,-21,-22,-37],[-2,5,-8,-12,-21,22,37],[-2,-8,11,-12,-22,-34,-37],[-2,5,6,-8,-12,-22,-37],[-2,6,-8,11,-12,-22,-37],[-2,-8,11,-12,22,-34,37],[-2,-8,-18,-21,-22,-34,-37],[-2,5,-8,-18,-21,-22,-37],[-2,-8,-18,-21,22,-34,37],[-2,-8,12,-18,21,-22,37],[-2,-8,12,-18,21,22,-37],[-2,-8,11,-21,-22,-34,-37],[-2,-8,11,-21,22,-34,37],[-2,6,-8,21,-22,34,37],[-2,6,-8,21,22,34,-37],[-2,-11,-12,-18,22,-34,37],[-2,-11,-12,-18,-21,-22,-37],[-2,-11,-12,-18,-21,22,37],[-2,-11,-18,21,-22,-34,-37],[-2,6,-11,-18,-22,34,37],[-2,-11,-18,21,22,-34,37],[-2,6,-11,-18,22,34,-37],[-2,6,-11,12,-22,-34,-37],[-2,-11,12,-18,21,-22,-37],[-2,-11,12,18,-22,34,37],[-2,-11,18,21,-22,34,37],[-2,-11,18,21,22,34,-37],[-2,-11,12,-18,21,22,37],[-2,5,-12,-18,21,-22,-37],[-2,5,-12,-18,21,22,37],[-2,-6,11,-12,-22,34,37],[-2,-6,11,-12,22,34,-37],[-2,5,12,-18,-21,-22,-37],[-2,6,-11,-18,-22,-34,-37],[-2,-6,11,-18,-22,-34,-37],[-2,11,12,-18,-22,34,37],[-2,6,-11,-18,22,-34,37],[-2,-6,11,-18,22,-34,37],[-2,11,12,-18,22,34,-37],[-2,6,12,-21,-22,-34,-37],[-2,6,-11,21,-22,-34,-37],[-2,11,12,-21,-22,-34,-37],[-2,6,-11,21,22,-34,37],[-2,11,12,-21,22,-34,37],[-3,-6,-8,-12,-22,-34,-37],[-3,-6,-8,-12,-22,34,37],[-3,-6,-11,-12,-22,-34,-37],[-3,-6,-11,-12,-22,34,37],[-3,-6,-12,-18,-22,-34,-37],[-3,-6,-12,-18,-22,34,37],[-3,5,-6,-12,-18,-34,-37],[-3,5,-6,-12,-18,34,37],[-3,-6,-12,-21,-22,-34,-37],[-3,-6,-12,-21,-22,34,37],[-3,5,-6,-12,-21,-34,-37],[-3,-6,-12,18,21,-34,37],[-3,-6,-12,18,21,34,-37],[-3,5,-6,-18,-21,-34,-37],[-3,5,-6,-18,-21,34,37],[-3,-6,11,-18,-22,-34,-37],[-3,-6,11,-18,-22,34,37],[-3,5,-6,8,-18,-34,-37],[-3,-6,8,11,-18,-34,-37],[-3,-6,11,-21,-22,-34,-37],[-3,-6,11,-21,-22,34,37],[-3,-6,8,21,22,-34,37],[-3,-6,8,21,22,34,-37],[-3,-8,-11,12,22,-34,37],[-3,-8,-11,12,22,34,-37],[-3,-8,-12,-18,-22,-34,-37],[-3,-8,-12,-18,-22,34,37],[-3,-8,-12,21,-22,-34,-37],[-3,-8,-12,21,-22,34,37],[-3,-8,11,-12,22,-34,37],[-3,-8,11,-12,22,34,-37],[-3,-8,-12,-18,-21,-34,-37],[-3,-8,-12,-18,-21,34,37],[-3,-8,12,-18,22,-34,37],[-3,-8,12,-18,22,34,-37],[-3,-8,11,-21,-22,-34,-37],[-3,-8,11,-21,-22,34,37],[-3,-8,12,-21,22,-34,37],[-3,-8,12,-21,22,34,-37],[-3,-8,-12,18,21,-34,-37],[-3,-8,-12,18,21,34,37],[-3,-11,-12,-18,-22,34,37],[-3,-11,-12,21,-22,-34,-37],[-3,-11,-12,21,-22,34,37],[-3,8,-11,-12,22,-34,37],[-3,8,-11,-12,22,34,-37],[-3,-11,-12,-18,-21,-34,-37],[-3,-11,-12,-18,-21,34,37],[-3,8,-11,18,-22,-34,-37],[-3,-11,-12,18,21,-34,-37],[-3,-11,12,18,22,-34,37],[-3,-11,12,21,22,-34,37],[-3,-11,12,21,22,34,-37],[-3,-11,-12,18,21,34,37],[-3,5,-12,-18,21,-34,-37],[-3,5,-12,-18,21,34,37],[-3,5,-12,18,-21,-34,-37],[-3,8,-11,-12,-22,-34,-37],[-3,-8,11,-12,-22,-34,-37],[-3,8,-11,-12,-22,34,37],[-3,-8,11,-12,-22,34,37],[-3,11,-12,18,22,-34,37],[-3,11,-12,18,22,34,-37],[-3,-8,11,-18,22,-34,37],[-3,-8,11,-18,22,34,-37],[-3,8,18,-21,-22,-34,-37],[-3,8,-11,21,-22,-34,-37],[-3,11,18,-21,-22,-34,-37],[-3,8,-11,21,-22,34,37],[-3,11,18,-21,-22,34,37],[5,-6,-8,-11,-12,-18,-21],[-6,-8,-12,-18,-22,-34,-37],[3,-6,-8,-12,18,-21,37],[-6,-8,-11,-12,-21,34,37],[-6,-8,-12,18,-22,34,37],[-6,-8,-12,18,21,-22,37],[2,-6,-8,-12,21,-34,-37],[-6,-8,-12,18,21,22,-37],[5,-6,-8,11,-12,18,37],[2,-6,-8,12,-18,-21,37],[-6,-8,-11,-18,-21,22,37],[3,-6,-8,-18,21,-22,-37],[-6,-8,12,-18,22,-34,37],[-6,-8,12,-18,21,-34,37],[-6,-8,12,-18,21,34,-37],[5,-6,-8,11,12,-18,37],[-5,-6,-8,-21,-22,-34,-37],[-5,-6,-8,-21,-22,34,37],[-5,-6,-8,-21,22,-34,37],[-5,-6,-8,-21,22,34,-37],[-6,-8,12,21,-22,-34,37],[-6,-8,18,21,-22,-34,37],[-6,-8,12,21,-22,34,-37],[-6,-8,18,21,22,-34,-37],[-6,-11,-12,-18,-21,-22,-37],[-6,-11,-12,-18,-21,22,37],[-6,-11,-12,18,-22,34,37],[-6,-11,-12,18,21,-22,37],[-6,-11,-12,18,21,22,-37],[-6,-11,12,-18,-22,34,-37],[5,-6,-11,-18,-21,-22,-37],[-6,-11,-18,-21,-22,34,-37],[5,-6,-11,-18,-21,22,37],[-6,-11,-18,-21,22,34,37],[-5,-6,-11,18,-22,-34,-37],[5,-6,-11,18,21,-22,37],[-5,-6,-11,18,22,-34,37],[5,-6,-11,18,21,22,-37],[-6,11,-12,-18,-21,-34,-37],[5,-6,8,-12,-18,21,37],[2,-6,-12,-18,21,34,37],[-6,-12,-18,-21,-22,-34,-37],[-6,-12,18,-21,-22,34,37],[5,-6,11,-12,18,-21,37],[-3,5,-6,-12,-21,34,37],[-6,11,-12,18,21,34,-37],[3,-6,8,-18,-21,-22,-37],[-6,8,-18,-21,22,34,37],[2,-6,12,-18,-21,34,37],[-6,11,12,-18,-22,34,37],[-6,11,-18,21,-22,34,37],[-6,8,-18,21,22,-34,37],[-6,11,-18,21,22,-34,37],[-5,-6,-18,21,22,34,-37],[2,3,5,-6,12,-18,37],[2,3,5,-6,8,-18,37],[3,5,-6,8,11,-18,37],[5,-6,8,-18,22,34,37],[5,-6,11,12,-18,34,37],[-6,8,12,-18,22,34,37],[-5,-6,18,-21,-22,-34,-37],[5,-6,8,12,-21,-34,-37],[-6,8,12,-21,22,-34,-37],[-5,-6,18,-21,22,-34,37],[5,-6,8,12,-21,34,37],[-6,8,12,-21,22,34,37],[-5,-6,8,21,-22,-34,-37],[-6,11,12,18,-22,34,-37],[-6,11,18,21,-22,34,-37],[-5,-6,8,21,-22,34,37],[-6,-11,18,21,-22,34,37],[-3,5,-6,18,21,-34,37],[-6,12,-18,21,22,-34,37],[5,-6,18,21,22,34,-37],[5,-6,8,-18,21,22,37],[-6,8,12,-18,21,22,37],[-8,-11,-12,18,22,-34,-37],[-8,-11,-12,-18,-21,-34,-37],[-8,-11,-12,-18,-21,34,37],[-8,-11,12,-18,22,-34,37],[-8,-11,12,-18,21,-34,37],[-8,-11,12,-18,21,34,-37],[5,-8,-11,-12,-21,-34,-37],[-8,-11,-12,-21,22,-34,-37],[5,-8,-11,-12,-21,34,37],[-8,-11,-12,-21,22,34,37],[-5,-8,-11,12,-22,-34,-37],[-5,-8,-11,12,-22,34,37],[5,-8,-11,12,21,-34,37],[5,-8,-11,12,21,34,-37],[-8,11,-12,-18,-21,-22,-37],[5,6,-8,-12,-18,21,37],[3,-8,-12,-18,21,22,37],[-8,-12,-18,-21,-22,-34,-37],[2,6,-8,-12,-21,-34,-37],[6,-8,-12,-21,22,34,37],[3,-8,-12,18,-21,22,37],[6,-8,-12,21,-22,34,37],[-8,11,-12,21,-22,34,37],[-8,11,-12,18,22,-34,37],[-8,11,-12,21,22,-34,37],[-5,-8,-12,21,22,34,-37],[2,3,5,6,-8,-12,37],[2,5,6,-8,11,-12,37],[2,3,5,-8,-12,18,37],[5,6,-8,-12,22,34,37],[5,-8,11,-12,18,22,37],[6,-8,-12,18,22,34,37],[-8,12,-18,-21,22,-34,37],[5,-8,11,12,-18,-21,37],[-2,5,-8,-18,-21,22,37],[-8,11,12,-18,21,22,-37],[-5,-8,12,-21,-22,-34,-37],[5,6,-8,18,-21,-22,-37],[6,-8,18,-21,-22,34,-37],[-5,-8,12,-21,-22,34,37],[5,6,-8,18,-21,22,37],[6,-8,18,-21,22,34,37],[-5,6,-8,21,-22,-34,-37],[-2,5,-8,12,21,-22,37],[-8,-12,18,21,-22,34,37],[-8,11,12,21,22,-34,-37],[-8,11,12,18,22,-34,-37],[-5,6,-8,21,22,-34,37],[-8,-11,12,21,22,-34,37],[5,-8,12,21,22,34,-37],[5,6,-8,-12,21,34,37],[6,-8,-12,18,21,34,37],[-5,-11,-12,-18,22,34,-37],[5,-11,-12,-18,22,34,37],[5,-11,-12,18,-22,34,37],[5,-11,-12,18,22,-34,-37],[5,-11,12,-18,-22,34,-37],[5,-11,12,-18,22,-34,37],[6,-11,18,-21,-22,34,-37],[8,-11,12,-21,22,-34,-37],[8,-11,12,-21,22,34,37],[6,-11,18,-21,22,34,37],[-5,-11,12,18,-22,-34,-37],[5,-11,12,18,-22,-34,37],[2,3,5,-12,-18,-21,-37],[6,-11,-12,-18,-22,34,37],[8,-11,-12,-18,22,-34,37],[-5,8,-12,-21,-22,-34,-37],[6,-11,-12,-21,22,-34,-37],[-5,8,-12,-21,22,-34,37],[2,3,5,-12,18,-21,37],[6,-11,-12,21,-22,-34,-37],[8,-11,-12,21,-22,-34,-37],[-5,11,-12,18,-22,-34,-37],[6,8,-12,21,-22,34,-37],[8,-11,-12,21,-22,34,37],[-5,11,-12,18,-22,34,37],[6,-11,-12,18,22,-34,-37],[8,-11,-12,21,22,-34,37],[3,5,8,-12,18,21,-37],[3,6,8,11,-12,21,-37],[-5,6,-18,-21,-22,-34,-37],[8,-11,-18,-21,-22,34,-37],[-5,6,-18,-21,-22,34,37],[2,3,5,12,-18,-21,37],[6,-11,-18,21,-22,-34,-37],[8,-11,-18,21,-22,-34,-37],[-5,11,12,-18,-22,-34,-37],[8,-11,12,-18,-22,34,-37],[6,-11,-18,21,-22,34,37],[6,8,-18,21,22,-34,-37],[6,-11,-18,21,22,-34,37],[-5,11,12,-18,22,-34,37],[2,5,6,12,-18,21,-37],[2,6,8,11,-18,21,-37],[-5,6,11,18,-22,-34,-37],[-5,6,18,21,-22,-34,-37],[-5,8,11,12,-22,-34,-37],[-5,8,12,21,-22,-34,-37],[-5,6,11,18,-22,34,37],[-5,6,18,21,-22,34,37],[-5,8,11,12,-22,34,37],[-5,8,12,21,-22,34,37],[-5,6,11,18,22,-34,37],[-5,6,18,21,22,-34,37],[-5,8,11,12,22,-34,37],[-5,8,12,21,22,-34,37],[-2,-6,-8,12,18,-22,-34,37],[-2,-6,-8,12,18,22,-34,-37],[-2,-6,-8,12,21,22,34,37],[-2,-6,-11,12,-18,22,34,37],[-2,-6,8,12,-21,-22,34,-37],[-2,-6,11,12,21,22,-34,-37],[-2,-6,11,12,18,22,34,37],[-2,-6,11,18,21,22,34,37],[-2,-8,-11,-12,18,-22,-34,37],[-2,-8,-11,-12,-21,-22,34,-37],[-2,-8,-11,18,-21,-22,-34,37],[-2,-8,-11,18,-21,22,-34,-37],[-2,-8,-11,-12,-21,-22,-34,37],[-2,6,-8,-12,-21,-22,34,-37],[-2,-6,-8,-12,-21,-22,34,37],[-2,-6,-8,-12,-21,22,34,-37],[-2,6,-8,-12,18,-22,34,-37],[-2,-8,11,-18,21,-22,34,37],[-2,-8,11,-18,21,22,34,-37],[-2,-8,-11,12,21,-22,-34,-37],[-2,-8,11,12,21,-22,-34,37],[-2,-8,11,12,18,-22,-34,37],[-2,6,-11,-12,18,-22,34,-37],[-2,6,-11,-12,18,22,34,37],[-2,8,-11,12,-21,-22,34,-37],[-2,6,8,-12,-18,-22,-34,37],[-2,8,11,-12,-18,-22,-34,37],[-2,6,8,-12,-18,22,-34,-37],[-2,8,11,-12,-18,22,-34,-37],[-2,6,-11,-12,-21,-22,-34,37],[-2,6,11,-12,21,-22,-34,37],[-2,6,11,-12,21,22,-34,-37],[-2,6,11,-18,21,-22,-34,37],[-2,8,11,-18,21,-22,-34,37],[-2,6,11,-18,21,22,-34,-37],[-2,6,11,-12,21,-22,34,-37],[-2,-6,11,12,21,-22,34,-37],[-2,6,11,-12,21,22,34,37],[-2,-6,11,12,21,22,34,37],[-3,-6,-8,12,18,-22,-34,37],[-3,-6,-8,12,18,-22,34,-37],[-3,-6,-8,18,21,22,34,37],[-3,-6,-11,12,-18,-22,-34,37],[-3,-6,-11,-18,-21,22,-34,-37],[-3,-6,-11,12,-21,-22,-34,37],[-3,-6,-11,12,-21,-22,34,-37],[-3,-6,11,-12,21,22,-34,37],[-3,-6,11,-12,21,22,34,-37],[-3,-6,-11,-18,-21,-22,-34,37],[-3,-6,8,-18,-21,22,-34,-37],[-3,-6,-8,-18,-21,22,-34,37],[-3,-6,-8,-18,-21,22,34,-37],[-3,-6,8,12,-18,22,-34,-37],[-3,-6,-11,18,21,-22,-34,-37],[-3,-6,11,12,18,-22,-34,37],[-3,-6,11,18,21,-22,-34,37],[-3,-8,-11,-12,18,22,34,37],[-3,6,-8,18,-21,22,-34,-37],[-3,-8,11,18,21,-22,34,-37],[-3,-8,11,12,18,22,34,37],[-3,-8,11,12,21,22,34,37],[-3,8,-11,12,-18,22,-34,-37],[-3,8,-11,12,-18,22,34,37],[-3,6,-11,18,-21,22,-34,-37],[-3,6,8,-12,-18,-22,-34,37],[-3,6,11,-12,-18,-22,-34,37],[-3,6,8,-12,-18,-22,34,-37],[-3,6,11,-12,-18,-22,34,-37],[-3,6,11,-12,21,-22,-34,37],[-3,8,11,-12,21,-22,-34,37],[-3,8,11,-12,21,-22,34,-37],[-3,8,-11,-18,-21,-22,-34,37],[-3,8,11,-18,21,-22,-34,37],[-3,8,11,-18,21,-22,34,-37],[-3,8,11,-18,21,22,-34,-37],[-3,-8,11,18,21,22,-34,-37],[-3,8,11,-18,21,22,34,37],[-3,-8,11,18,21,22,34,37],[-6,-8,11,-12,-18,22,34,-37],[-6,-8,-11,-12,-18,22,34,37],[-6,-8,-11,-12,18,-21,-34,-37],[-6,-8,-11,12,-18,-21,-22,-37],[5,-6,-8,12,-18,-21,22,37],[5,-6,-8,-12,18,-21,34,37],[-6,-8,11,12,21,22,34,37],[-6,-8,11,18,21,22,34,37],[-6,-8,12,18,21,22,34,37],[-5,-6,-11,12,-18,22,-34,-37],[3,5,-6,-12,-18,-21,-22,-37],[-6,8,-12,-18,21,-22,34,37],[2,5,-6,-8,11,-12,-18,-37],[5,-6,-12,-18,21,22,34,37],[5,-6,8,-18,-21,-22,-34,-37],[-5,-6,8,-18,-21,-22,-34,37],[5,-6,12,-18,-21,22,34,37],[-5,-6,8,12,-18,-22,-34,37],[2,-3,5,-6,11,-18,-34,-37],[2,5,-6,12,-18,21,-34,37],[-5,-8,-11,-12,18,-22,34,-37],[2,5,-8,-12,-18,-21,-34,-37],[6,-8,-12,-18,21,22,-34,37],[3,5,-6,-8,11,-12,-18,-37],[5,-8,-12,-18,21,22,34,37],[5,6,-8,-12,-21,-22,-34,-37],[-5,6,-8,-12,-21,-22,-34,37],[5,-8,-12,18,-21,22,34,37],[-5,6,-8,-12,18,-22,-34,37],[-2,3,5,-8,11,-12,-22,-37],[3,5,-8,-12,18,21,-22,37],[-5,8,11,-12,-18,-22,34,-37],[-5,6,11,-12,-18,22,-34,-37],[5,6,8,11,-12,-18,21,-37],[6,-11,-12,-18,21,22,34,-37],[8,-11,-12,-18,21,22,34,-37],[-5,8,11,-12,21,22,-34,-37],[-5,8,11,-12,21,22,34,37],[-5,6,11,-18,21,-22,34,-37],[-5,6,11,-18,21,22,34,37],[-2,-6,8,-11,12,-21,-22,-34,37],[-2,-6,8,12,-18,-21,-22,-34,37],[-2,8,-11,12,-18,-21,-22,-34,37],[-3,6,-8,-11,18,-21,-22,-34,37],[-3,6,-8,-12,18,-21,-22,-34,37],[-3,6,-11,-12,18,-21,-22,-34,37],[-5,6,8,11,-12,-18,22,34,37]]
451413669000000
(761,640)
451
