Enter 
1: Debug paTop
2: Debug assign
3: Debug paMeet
4: Debug up(Unit Propagation)
5: Debug gfpUP
ANY OTHER NUMBER: PCE
Enter value of Vocabulary 'n' (Int n > 0)
*** Computing Propagation Complete Encodings (PCE) ***
Enter the variables of interest (list of integers)
Enter E_0 (Each clause is space seperated literals) and the clauses are seperated by ','
Enter E_ref (Each clause is space seperated literals) and the clauses are seperated by ','
[[-2,-3,4],[2,3,-4],[-2,-3,-6,7],[-2,4,-6,7],[2,-4,6,-7],[2,3,6,-7],[-2,-3,-6,-9,10],[-2,-3,7,-9,10],[-2,4,-6,-9,10],[-2,4,7,-9,10],[2,-4,-7,9,-10],[2,-4,6,9,-10],[2,3,-7,9,-10],[2,3,6,9,-10],[-2,-3,-6,-9,-12,13],[-2,-3,-6,10,-12,13],[-2,-3,7,-9,-12,13],[-2,4,-6,-9,-12,13],[-2,-3,7,10,-12,13],[-2,4,-6,10,-12,13],[-2,4,7,-9,-12,13],[2,-4,-7,-10,12,-13],[-2,4,7,10,-12,13],[2,-4,-7,9,12,-13],[2,-4,6,-10,12,-13],[2,3,-7,-10,12,-13],[2,-4,6,9,12,-13],[2,3,-7,9,12,-13],[2,3,6,-10,12,-13],[2,3,6,9,12,-13],[-2,-3,-6,-9,-12,-15,-18],[-2,-3,-6,-9,-12,-15,19],[-2,-3,-6,-9,-12,-15,16],[-2,-3,-6,-9,-12,16,-18],[-2,-3,-6,-9,-12,16,19],[-2,-3,-6,-9,13,-15,-18],[-2,-3,-6,-9,13,-15,19],[-2,-3,-6,-9,13,-15,16],[-2,-3,-6,10,-12,-15,-18],[-2,-3,-6,10,-12,-15,19],[-2,-3,-6,10,-12,-15,16],[-2,-3,7,-9,-12,-15,-18],[-2,-3,7,-9,-12,-15,19],[-2,-3,7,-9,-12,-15,16],[-2,4,-6,-9,-12,-15,-18],[-2,4,-6,-9,-12,-15,19],[-2,4,-6,-9,-12,-15,16],[-2,-3,-6,-9,13,16,-18],[-2,-3,-6,-9,13,16,19],[-2,-3,-6,10,-12,16,-18],[-2,-3,-6,10,-12,16,19],[-2,-3,-6,10,13,-15,-18],[-2,-3,-6,10,13,-15,19],[-2,-3,-6,10,13,-15,16],[-2,-3,7,-9,-12,16,-18],[-2,-3,7,-9,-12,16,19],[-2,-3,7,-9,13,-15,-18],[-2,-3,7,-9,13,-15,19],[-2,-3,7,-9,13,-15,16],[-2,-3,7,10,-12,-15,-18],[-2,-3,7,10,-12,-15,19],[-2,-3,7,10,-12,-15,16],[-2,4,-6,-9,-12,16,-18],[-2,4,-6,-9,-12,16,19],[-2,4,-6,-9,13,-15,-18],[-2,4,-6,-9,13,-15,19],[-2,4,-6,-9,13,-15,16],[-2,4,-6,10,-12,-15,-18],[-2,4,-6,10,-12,-15,19],[-2,4,-6,10,-12,-15,16],[-2,4,7,-9,-12,-15,-18],[-2,4,7,-9,-12,-15,19],[-2,4,7,-9,-12,-15,16],[2,-4,-7,-10,-13,15,-16],[-2,-3,-6,10,13,16,-18],[-2,-3,-6,10,13,16,19],[-2,-3,7,-9,13,16,-18],[-2,-3,7,-9,13,16,19],[-2,-3,7,10,-12,16,-18],[-2,-3,7,10,-12,16,19],[-2,-3,7,10,13,-15,-18],[-2,-3,7,10,13,-15,19],[-2,-3,7,10,13,-15,16],[-2,4,-6,-9,13,16,-18],[-2,4,-6,-9,13,16,19],[-2,4,-6,10,-12,16,-18],[-2,4,-6,10,-12,16,19],[-2,4,-6,10,13,-15,-18],[-2,4,-6,10,13,-15,19],[-2,4,-6,10,13,-15,16],[-2,4,7,-9,-12,16,-18],[-2,4,7,-9,-12,16,19],[-2,4,7,-9,13,-15,-18],[-2,4,7,-9,13,-15,19],[-2,4,7,-9,13,-15,16],[-2,4,7,10,-12,-15,-18],[-2,4,7,10,-12,-15,19],[-2,4,7,10,-12,-15,16],[2,-4,-7,-10,12,15,-16],[2,-4,-7,9,-13,15,-16],[2,-4,6,-10,-13,15,-16],[2,3,-7,-10,-13,15,-16],[-2,-3,7,10,13,16,-18],[-2,-3,7,10,13,16,19],[-2,4,-6,10,13,16,-18],[-2,4,-6,10,13,16,19],[-2,4,7,-9,13,16,-18],[-2,4,7,-9,13,16,19],[-2,4,7,10,-12,16,-18],[-2,4,7,10,-12,16,19],[-2,4,7,10,13,-15,-18],[-2,4,7,10,13,-15,19],[-2,4,7,10,13,-15,16],[2,-4,-7,9,12,15,-16],[2,-4,6,-10,12,15,-16],[2,-4,6,9,-13,15,-16],[2,3,-7,-10,12,15,-16],[2,3,-7,9,-13,15,-16],[2,3,6,-10,-13,15,-16],[-2,4,7,10,13,16,-18],[-2,4,7,10,13,16,19],[2,-4,6,9,12,15,-16],[2,3,-7,9,12,15,-16],[2,3,6,-10,12,15,-16],[2,3,6,9,-13,15,-16],[2,3,6,9,12,15,-16],[2,-4,-7,-10,-13,-16,18,-19],[2,-4,-7,-10,-13,15,18,-19],[2,-4,-7,-10,12,-16,18,-19],[2,-4,-7,9,-13,-16,18,-19],[2,-4,6,-10,-13,-16,18,-19],[2,3,-7,-10,-13,-16,18,-19],[2,-4,-7,-10,12,15,18,-19],[2,-4,-7,9,-13,15,18,-19],[2,-4,-7,9,12,-16,18,-19],[2,-4,6,-10,-13,15,18,-19],[2,-4,6,-10,12,-16,18,-19],[2,-4,6,9,-13,-16,18,-19],[2,3,-7,-10,-13,15,18,-19],[2,3,-7,-10,12,-16,18,-19],[2,3,-7,9,-13,-16,18,-19],[2,3,6,-10,-13,-16,18,-19],[2,-4,-7,9,12,15,18,-19],[2,-4,6,-10,12,15,18,-19],[2,-4,6,9,-13,15,18,-19],[2,-4,6,9,12,-16,18,-19],[2,3,-7,-10,12,15,18,-19],[2,3,-7,9,-13,15,18,-19],[2,3,-7,9,12,-16,18,-19],[2,3,6,-10,-13,15,18,-19],[2,3,6,-10,12,-16,18,-19],[2,3,6,9,-13,-16,18,-19],[2,-4,6,9,12,15,18,-19],[2,3,-7,9,12,15,18,-19],[2,3,6,-10,12,15,18,-19],[2,3,6,9,-13,15,18,-19],[2,3,6,9,12,-16,18,-19],[2,3,6,9,12,15,18,-19]]
158
